1142  -1
39 43  -1
144 15 115 1214 142  -1
144 15 115 1214 142  -1
100 184 134  -1
411  -1
1140 1149 1142  -1
209 144  -1
1140 1142 1149  -1
105  -1
14 16 225 139 101  -1
14 16 115 139 101  -1
143  -1
1150  -1
144  -1
39 1140 1149 1179  -1
1179  -1
807  -1
1141 1146 1143 1148 1140 1139 1149  -1
15 102 101  -1
1140  -1
21  -1
21  -1
1149 1179  -1
807  -1
1141 1146 1143 1148 1140 1139 571 1149 528  -1
1140 1142 1149  -1
144  -1
15  -1
1140 39  -1
1140 1141  -1
1149 1140 39 1179  -1
406  -1
411  -1
1146  -1
1149 1179  -1
15 268 274 276  -1
133  -1
144 73 61  -1
142 73  -1
142  -1
375 133  -1
375 406 149 120  -1
375  -1
406 149 120  -1
327  -1
406 134 132  -1
406  -1
1146 1139 1141 1147 1148 1150 1140  -1
142 73 55 134  -1
142 73 55 61  -1
73 55 61  -1
54  -1
142 134  -1
45  -1
139 142  -1
142 134  -1
139 220 137 45  -1
1140 1142 1149  -1
255  -1
144 255  -1
255  -1
255  -1
134 508  -1
139  -1
139  -1
134 508  -1
134 508  -1
134 508  -1
132  -1
178 201 15 211  -1
268 274 158  -1
158  -1
995 158  -1
1072 158  -1
1017 1034 1031 1036 1032 1033 1019  -1
170  -1
170 132  -1
170 132  -1
162 188 207 164  -1
162 188 207 164  -1
162 188 207 164  -1
162 188 207 164  -1
162 188 207 164  -1
162 188 207 164  -1
162 188 207 164  -1
162 188 207 164  -1
162 188 207 164  -1
162 188 207 164  -1
162 188 207 164  -1
162 188 207 164  -1
162 188 207 164  -1
162 188 207 164  -1
162 188 207 164  -1
162 188 207 164  -1
162 188 207 164  -1
162 188 207 164  -1
1173 134 119  -1
175 102  -1
178 113 139 158 170  -1
113 139 178 158 200 170  -1
178 158 161 187 206 163  -1
178 158 161  -1
184 178 158 201 161  -1
184 158 161 187 206 163  -1
184 204 185 178  -1
184 204 185 178  -1
184 204 185 178  -1
178 165  -1
77 180 183 173  -1
260  -1
260 381  -1
260  -1
260  -1
39 1149  -1
1142 1141 1148 1140 1149 1150  -1
1142 1141 1148 1149 1150  -1
1142 1141 1148 1149 1150  -1
1142 1141 1148 1149 1150  -1
1142 1141 1148 1149 1150  -1
426 406  -1
406  -1
427 1155 431 430 1150  -1
431 430 1150  -1
144  -1
178 206 187 161 163 201 15 268 274  -1
178 201 15 268 274  -1
206 187 161 163  -1
170 132  -1
170 132  -1
92  -1
92  -1
92 73  -1
92  -1
39  -1
15 115  -1
134 132  -1
15 115  -1
134 132  -1
142  -1
142  -1
142  -1
142  -1
142  -1
142  -1
142  -1
142  -1
142  -1
142  -1
142  -1
142  -1
142  -1
142  -1
142  -1
142  -1
142  -1
142  -1
142  -1
142  -1
142  -1
142  -1
142  -1
142  -1
1141 1140 1142  -1
1154 1152  -1
1153  -1
1154 1151  -1
1140 1142 1149 1178  -1
426 406  -1
406  -1
427 1155 431 430 1150  -1
431 430 1150  -1
259  -1
1140 259  -1
1152 1154  -1
1153  -1
1154  -1
1140 133  -1
1140 133  -1
262  -1
112  -1
73  -1
15 137  -1
138 17  -1
112 100 144 211  -1
112 100 144 211  -1
100 184  -1
100 184  -1
406 139 331  -1
1150  -1
1150  -1
144 142  -1
131  -1
132  -1
1141 1146 1140 133  -1
136  -1
130  -1
138  -1
134  -1
140  -1
135  -1
137  -1
139  -1
1140 1146 1150  -1
39  -1
110  -1
110  -1
110  -1
142 1237 110  -1
142 110  -1
142 110  -1
142 110  -1
211  -1
211  -1
220  -1
39 43 1150  -1
1142  -1
220 236 238  -1
1140 1141 1146 1148  -1
1140 1139 1142  -1
39  -1
1139  -1
133  -1
1140 1141 1149  -1
220 225 15 101 144  -1
15 116 101 144  -1
15 116 101 144  -1
220 225 15 101 144  -1
1140 1146  -1
184  -1
209 144  -1
209  -1
144  -1
132  -1
211  -1
100 184 178 220 116  -1
100 184 178  -1
144 224  -1
144 224  -1
144  -1
228  -1
227  -1
178 201 15  -1
268 274 158  -1
158  -1
995 158  -1
1072 158  -1
1017 1019  -1
170  -1
170 132  -1
170 132  -1
162 188 207 164  -1
162 188 207 164  -1
162 188 207 164  -1
162 188 207 164  -1
162 188 207 164  -1
162 188 207 164  -1
162 188 207 164  -1
162 188 207 164  -1
162 188 207 164  -1
162 188 207 164  -1
162 188 207 164  -1
162 188 207 164  -1
162 188 207 164  -1
162 188 207 164  -1
162 188 207 164  -1
162 188 207 164  -1
162 188 207 164  -1
162 188 207 164  -1
1141 1140 1142  -1
1142 1141  -1
161 163  -1
163  -1
161 163  -1
161 187  -1
161 139 163  -1
161  -1
161 187  -1
161  -1
161 163  -1
161 163  -1
142  -1
142  -1
142  -1
142  -1
142  -1
142  -1
142  -1
142  -1
142  -1
142  -1
142  -1
142  -1
142  -1
142  -1
142  -1
142  -1
142  -1
142  -1
142  -1
142  -1
142  -1
142  -1
142  -1
142  -1
142  -1
142  -1
142  -1
142  -1
142  -1
15 18 268  -1
142  -1
142  -1
142  -1
220 236  -1
995  -1
411 1140 1146 1149 1178  -1
411  -1
1152  -1
144  -1
144  -1
15  -1
15  -1
15  -1
142  -1
142 15 268 274 276  -1
142  -1
142  -1
236 238  -1
236 238  -1
241  -1
251  -1
243  -1
236 238 243  -1
1149 1146  -1
1140 1146 1149  -1
1140  -1
15  -1
1140  -1
1140 1142 1149  -1
1140 1146 1150  -1
1141 1140 1142  -1
133  -1
144  -1
144  -1
259  -1
1140 259  -1
1152 1154  -1
1153  -1
1154  -1
15 74  -1
15 74  -1
1142  -1
411  -1
411 1142  -1
1140 1141 1146 1148  -1
1140 1141 1149  -1
1150  -1
1150  -1
220 225 15 101 144  -1
15 116 101 144  -1
15 116 101 144  -1
220 225 15 101 144  -1
15 268 274 276  -1
133  -1
1142  -1
144 73 61  -1
142 73  -1
142  -1
1140 1146  -1
1140 1139 1142  -1
184  -1
39  -1
1139  -1
39 1140 1149 1179  -1
1179  -1
15  -1
1140  -1
101 144  -1
1149 1140 39 1179  -1
807  -1
1141 1146 1143 1148 1140 1139 571 1149 528  -1
1141 1140 1142  -1
15 102 101  -1
1140  -1
1149 1146  -1
21  -1
21  -1
1149 1179  -1
807  -1
1141 1146 1143 1148 1140 1139 571 1149 528  -1
1140 1146 1149  -1
1140  -1
1140 1142 1149  -1
15  -1
144  -1
15  -1
1140 39  -1
1140 1141  -1
1142  -1
39 43  -1
142 134  -1
142 119  -1
142 55 261  -1
142 134  -1
406  -1
411  -1
411  -1
1140 1149 1142  -1
1146 1139 1141 1147 1148 1150 1140  -1
1149 1179  -1
130  -1
260  -1
260 381  -1
260  -1
260  -1
39 1149  -1
1142 1141 1148 1140 1149 1150  -1
1142 1141 1148 1149 1150  -1
1142 1141 1148 1149 1150  -1
1142 1141 1148 1149 1150  -1
1142 1141 1148 1149 1150  -1
142  -1
25  -1
77 1237  -1
15 269 276 274  -1
100  -1
220 225 15 101 144  -1
15 116 101 144  -1
15 116 101 144  -1
220 225 15 101 144  -1
161  -1
100  -1
100  -1
100 187 206  -1
161  -1
161  -1
161  -1
161  -1
161  -1
161  -1
161  -1
100  -1
161  -1
100  -1
211 142  -1
178 100  -1
187  -1
187  -1
212  -1
100 144  -1
209 286  -1
286 284  -1
209  -1
102 15 225 116  -1
220 116 120  -1
220 116 120  -1
220 116 120  -1
101 144  -1
100 184 178  -1
100  -1
100 178  -1
100  -1
100  -1
142  -1
100  -1
100  -1
100  -1
100  -1
100  -1
184  -1
102 101  -1
102 100  -1
15 269 274 275 184 263 203 178  -1
100 184  -1
100 15 115  -1
100  -1
100  -1
100  -1
100  -1
100  -1
100 144  -1
178 161 187  -1
163  -1
161  -1
161  -1
161  -1
161  -1
161  -1
161  -1
206  -1
211  -1
100 184 178 220 116  -1
100 184 178  -1
100  -1
100  -1
100  -1
100  -1
100  -1
100  -1
100  -1
100  -1
100  -1
100  -1
100  -1
100  -1
220 144  -1
15 144  -1
15 144  -1
100  -1
100  -1
100  -1
209 161 180 187 206 163 166  -1
100  -1
100  -1
211  -1
100 161  -1
190 192 161  -1
190 161  -1
161  -1
161  -1
161  -1
161  -1
161  -1
1280 187  -1
100  -1
100  -1
142  -1
142  -1
142  -1
142  -1
142  -1
142  -1
142  -1
142  -1
142  -1
142  -1
142  -1
142  -1
142  -1
142  -1
142  -1
142  -1
142  -1
142  -1
100  -1
15 225  -1
15 116  -1
142  -1
211 142  -1
142  -1
211  -1
100  -1
102 100 144  -1
100  -1
142  -1
100  -1
100  -1
100 161  -1
161 163  -1
161 163  -1
161 163  -1
161 163  -1
161 163  -1
161 163  -1
100  -1
100  -1
100  -1
100  -1
100  -1
1237  -1
142 100  -1
142 144 1280 100  -1
1280 100  -1
184  -1
161  -1
161  -1
161  -1
161  -1
187 161  -1
187 161  -1
100 184 187  -1
188  -1
188  -1
161  -1
187  -1
100  -1
100  -1
100  -1
161 260 184  -1
161  -1
100 184 165 187  -1
187 161  -1
161  -1
187 161  -1
161  -1
161  -1
161  -1
161  -1
161  -1
161  -1
187 161  -1
161  -1
100  -1
178  -1
102 100  -1
144 110  -1
110 100 105  -1
143 110 100 105  -1
100  -1
100  -1
100  -1
178 100  -1
187  -1
187  -1
187  -1
187  -1
187  -1
175 102  -1
178 113 139 158 170  -1
113 139 178 158 200 170  -1
178 158 161 187 206 163  -1
178 158 161  -1
184 178 158 201 161  -1
184 158 161 187 206 163  -1
184 204 185 178  -1
184 204 185 178  -1
184 204 185 178  -1
178 165  -1
77 180 183 173  -1
100 142  -1
100 142  -1
100 144  -1
105 110 134 119  -1
100  -1
100  -1
14 116 144 15 226 142  -1
14 116 144 15 226 142  -1
14 116 144 15 226 142  -1
142  -1
100 178 161  -1
100 178 161  -1
100  -1
100  -1
220 116  -1
116  -1
184 100  -1
184 100  -1
184 174 170  -1
178 100  -1
187  -1
187  -1
187  -1
187  -1
187  -1
187  -1
187  -1
100  -1
100  -1
100  -1
100  -1
100  -1
100  -1
161  -1
15 150 139 101  -1
15 150 139 101  -1
100  -1
209 142  -1
100  -1
1089 286 161 187 206 163 162  -1
1089  -1
286 161 187 206 163 162  -1
100 144  -1
100  -1
100  -1
142 100  -1
142 209  -1
100  -1
100  -1
100 1270  -1
100 1270  -1
100 1270  -1
100  -1
100  -1
100  -1
100  -1
100 144  -1
100  -1
100  -1
100 184  -1
100  -1
15 144 142  -1
100  -1
100  -1
142  -1
100 105  -1
100 105  -1
144  -1
102 100  -1
100  -1
100  -1
100  -1
100  -1
15 225  -1
1280  -1
1280  -1
142  -1
142  -1
111  -1
220 226 101 178 163 206 187 161 162  -1
220 226 101  -1
178 163 206 187 161 162  -1
100  -1
102 100 144  -1
100 144  -1
1279 142  -1
142  -1
142  -1
142  -1
142  -1
142  -1
100 142  -1
100  -1
1237 220 225  -1
100  -1
161  -1
100 161  -1
161  -1
161  -1
15 225  -1
269  -1
100 269  -1
100  -1
100  -1
100  -1
100 211  -1
110  -1
100  -1
187  -1
187  -1
100  -1
112 100 144 211  -1
112 100 144 211  -1
1089 286  -1
1089  -1
286  -1
100  -1
100  -1
100  -1
100 184  -1
100  -1
100  -1
211  -1
211  -1
211  -1
100  -1
100  -1
100  -1
100 286  -1
286 284  -1
1237  -1
100 184  -1
100 184  -1
100  -1
206  -1
100  -1
100  -1
100 184  -1
100  -1
100 144  -1
100  -1
142 144 1237  -1
102 100  -1
102 100  -1
100  -1
100  -1
100  -1
100  -1
100  -1
142  -1
144  -1
187  -1
187  -1
187  -1
178 201 15  -1
268 274 158  -1
158  -1
995 158  -1
1072 158  -1
1017 1019  -1
170  -1
170 132  -1
170 132  -1
162 188 207 164  -1
162 188 207 164  -1
162 188 207 164  -1
162 188 207 164  -1
162 188 207 164  -1
162 188 207 164  -1
162 188 207 164  -1
162 188 207 164  -1
162 188 207 164  -1
162 188 207 164  -1
162 188 207 164  -1
162 188 207 164  -1
162 188 207 164  -1
162 188 207 164  -1
162 188 207 164  -1
162 188 207 164  -1
162 188 207 164  -1
162 188 207 164  -1
178 201 15  -1
268 274 158  -1
158  -1
995 158  -1
1072 158  -1
1017 1034 1031 1036 1032 1033 1019  -1
170  -1
170 132  -1
170 132  -1
162 188 207 164  -1
162 188 207 164  -1
162 188 207 164  -1
162 188 207 164  -1
162 188 207 164  -1
162 188 207 164  -1
162 188 207 164  -1
162 188 207 164  -1
162 188 207 164  -1
162 188 207 164  -1
162 188 207 164  -1
162 188 207 164  -1
162 188 207 164  -1
162 188 207 164  -1
162 188 207 164  -1
162 188 207 164  -1
162 188 207 164  -1
162 188 207 164  -1
184 187  -1
187  -1
184 211 187  -1
184  -1
187  -1
184 170 15  -1
184 170 178  -1
184 170 15  -1
184 170 15  -1
190  -1
192  -1
190  -1
161  -1
178  -1
178  -1
161  -1
161  -1
161 206  -1
161  -1
161  -1
161 206  -1
206 187  -1
163 187 206  -1
206  -1
161  -1
206 163  -1
163 187  -1
161  -1
161  -1
161  -1
206  -1
163  -1
161  -1
187  -1
161 187  -1
187  -1
161  -1
161  -1
161  -1
161  -1
190 161  -1
190 161  -1
190 161  -1
190 161  -1
161  -1
161  -1
387 390  -1
387 390  -1
387 390  -1
187  -1
187 163  -1
187  -1
187  -1
187  -1
163  -1
163  -1
163  -1
163  -1
178 161  -1
161  -1
161  -1
161  -1
161  -1
161  -1
161  -1
161 187  -1
161  -1
161  -1
161  -1
161  -1
161  -1
161  -1
161  -1
161  -1
161  -1
161  -1
161  -1
161  -1
161  -1
161  -1
161  -1
161  -1
161  -1
187 190  -1
187 190  -1
187 190  -1
203  -1
203  -1
183 262  -1
183 262  -1
173  -1
173  -1
173 162  -1
173 162  -1
173 162  -1
173 162  -1
173 162  -1
173 162  -1
173 162  -1
173 162  -1
180  -1
198  -1
201  -1
169  -1
180  -1
158  -1
180  -1
199  -1
262  -1
187  -1
206  -1
163  -1
163  -1
178  -1
192 187  -1
192 187  -1
192 187  -1
192 187  -1
192 187  -1
161  -1
161  -1
211  -1
100 184 178 220 116  -1
100 184 178  -1
187  -1
187  -1
187  -1
187  -1
187  -1
178  -1
190  -1
192  -1
190 161  -1
190 162  -1
163  -1
164  -1
166  -1
167  -1
192 187  -1
192 188  -1
206  -1
207  -1
192 187  -1
192 188  -1
192 188  -1
192  -1
192 188  -1
192  -1
192 188  -1
192  -1
192 188  -1
192  -1
192 188  -1
192  -1
192 188  -1
192  -1
187  -1
188  -1
206  -1
207  -1
207  -1
207  -1
207  -1
207  -1
207  -1
207  -1
206  -1
207  -1
163  -1
164  -1
164  -1
164  -1
164  -1
164  -1
164  -1
164  -1
163  -1
164  -1
166  -1
167  -1
167  -1
167  -1
167  -1
167  -1
167  -1
167  -1
166  -1
167  -1
190 161  -1
190 162  -1
190 162  -1
190  -1
190 162  -1
190  -1
190 162  -1
190  -1
190 162  -1
190  -1
190 162  -1
190  -1
190 162  -1
190  -1
161  -1
162  -1
211  -1
161  -1
161  -1
190 187 206  -1
163 206  -1
187  -1
178 206 187 161 163 201 15 268 274  -1
178 201 15 268 274  -1
206 187 161 163  -1
170 132  -1
170 132  -1
190 161  -1
190 161  -1
163  -1
161  -1
161  -1
100 184  -1
161  -1
161  -1
161  -1
161  -1
161  -1
161  -1
187  -1
187  -1
187  -1
187  -1
161  -1
206  -1
206  -1
206  -1
161  -1
178  -1
195  -1
161 187  -1
161  -1
161  -1
161  -1
161  -1
161  -1
161  -1
161  -1
161  -1
161  -1
161  -1
161  -1
192 187  -1
192 187  -1
164  -1
206  -1
206  -1
161  -1
161  -1
161  -1
161  -1
206 161  -1
161  -1
161  -1
187 161  -1
161 187  -1
187  -1
161 187  -1
187  -1
161 187  -1
187 161  -1
161 187  -1
187 161  -1
187 161  -1
187 161  -1
187 161  -1
187 161  -1
187 161  -1
161  -1
187 161  -1
187  -1
187  -1
187  -1
161  -1
161  -1
187 161  -1
187 161  -1
187 161  -1
187 161  -1
187 161  -1
161 187  -1
187 161  -1
187 161  -1
187 161  -1
187 161  -1
187 161  -1
187 161  -1
187 161  -1
187  -1
187  -1
187  -1
161  -1
161  -1
187 161  -1
100 184 178 142  -1
206 161  -1
206  -1
206  -1
206  -1
184 171 117  -1
184 171 117  -1
178  -1
100 184  -1
161  -1
161  -1
161  -1
161  -1
161  -1
161  -1
161  -1
161  -1
187  -1
161  -1
161  -1
161  -1
161  -1
161  -1
178 187  -1
163  -1
209  -1
161  -1
161  -1
163  -1
187  -1
187  -1
187  -1
163  -1
163  -1
163  -1
163  -1
190 161  -1
187  -1
187 161  -1
161  -1
161  -1
161  -1
163  -1
178  -1
187  -1
187  -1
163 187  -1
187  -1
187  -1
160  -1
15  -1
1148  -1
21 1149  -1
426  -1
1148  -1
284  -1
284  -1
178 187  -1
100 187 206  -1
178 184 170 163  -1
178 187  -1
178 164  -1
178 187  -1
178 164  -1
178 187  -1
178 164  -1
178 163 206 187 161  -1
178  -1
161  -1
190 161  -1
190 161  -1
266  -1
266  -1
264  -1
100 178  -1
190 161  -1
190 161  -1
190 161  -1
190 161  -1
161  -1
161  -1
178  -1
190  -1
192  -1
190  -1
142  -1
187  -1
187  -1
187  -1
161  -1
161  -1
161  -1
161  -1
161  -1
161  -1
161  -1
161  -1
100 161  -1
206  -1
187 161  -1
187 161  -1
187 161  -1
187 161  -1
187 161  -1
187  -1
187  -1
187 161  -1
161  -1
161  -1
187 206  -1
161  -1
161 187  -1
161  -1
187 161  -1
178  -1
178  -1
178 201 15 211  -1
268 274 158  -1
158  -1
995 158  -1
1072 158  -1
1017 1034 1031 1036 1032 1033 1019  -1
170  -1
170 132  -1
170 132  -1
162 188 207 164  -1
162 188 207 164  -1
162 188 207 164  -1
162 188 207 164  -1
162 188 207 164  -1
162 188 207 164  -1
162 188 207 164  -1
162 188 207 164  -1
162 188 207 164  -1
162 188 207 164  -1
162 188 207 164  -1
162 188 207 164  -1
162 188 207 164  -1
162 188 207 164  -1
162 188 207 164  -1
162 188 207 164  -1
162 188 207 164  -1
162 188 207 164  -1
161  -1
161  -1
161  -1
161  -1
161  -1
161  -1
161  -1
161  -1
161  -1
161  -1
161  -1
161  -1
161  -1
161  -1
190 161  -1
190 161  -1
190 161  -1
161  -1
178  -1
161  -1
161  -1
161  -1
161  -1
161  -1
161  -1
161  -1
190 161  -1
190 161  -1
210 161 187 206 163 164 166 167  -1
204  -1
406  -1
178 184 170 163  -1
178 187  -1
178 164  -1
178 187  -1
178 164  -1
178 187  -1
178 164  -1
178 163 206 187 161  -1
161  -1
161  -1
161  -1
161  -1
161  -1
161  -1
161  -1
161  -1
161  -1
161  -1
206  -1
161  -1
190 161  -1
161  -1
161  -1
187  -1
164  -1
161  -1
163 190 161  -1
163 190 161  -1
163 190 161  -1
163 190 161  -1
163 190 161  -1
163  -1
163 190 161  -1
163  -1
190 161  -1
190 161  -1
190 161  -1
190 161  -1
190 161  -1
190 161  -1
190 161  -1
190 161  -1
190 161  -1
190 161  -1
190 161  -1
190 161  -1
190 161  -1
190 161  -1
190 161  -1
190 161  -1
190 161  -1
190 161  -1
190 161  -1
190 161  -1
190 161  -1
190 161  -1
190 161  -1
190 161  -1
190 161  -1
178 202 1279 206  -1
190  -1
161  -1
187  -1
206  -1
163  -1
166  -1
190  -1
192  -1
161  -1
161  -1
161  -1
161  -1
161  -1
161  -1
161  -1
161  -1
161  -1
161  -1
1168 446  -1
161  -1
161  -1
161  -1
1279 178 187  -1
146  -1
1279 178  -1
1279 178  -1
1279 178  -1
161  -1
161  -1
187 161  -1
161 187  -1
187  -1
161 187  -1
187  -1
161 187  -1
187 161  -1
161 187  -1
187 161  -1
187 161  -1
187 161  -1
187 161  -1
187 161  -1
187 161  -1
161  -1
187 161  -1
187  -1
187  -1
187  -1
161 163  -1
161 163  -1
100 184 178  -1
142 74 144 995 1005 1007  -1
142 74  -1
142 74 144 995 1005 1007  -1
144 995 1005 1007  -1
142 74  -1
142 74  -1
142 74  -1
142 74  -1
142 74  -1
142 74  -1
142 74  -1
142 74  -1
142 74  -1
142 74  -1
142 74  -1
142 74  -1
142 74  -1
142 74  -1
142 74  -1
142 74  -1
142 74  -1
314  -1
144 142  -1
115  -1
142  -1
142  -1
313  -1
323  -1
457  -1
323 327  -1
406 139 331  -1
1146  -1
144  -1
144  -1
15  -1
15  -1
15  -1
15  -1
142  -1
184 15 225 286 284 287  -1
286 284 287  -1
211  -1
100 184 178 220 116  -1
211  -1
209 142 117 120  -1
209 142 117 120  -1
142 117 120  -1
142 117 120  -1
209 142 117 120  -1
144 117 120 231  -1
15 144 117 120 231  -1
14 225 144  -1
142  -1
261  -1
142 224 15  -1
142 224 15  -1
211  -1
211  -1
144 15 150  -1
286 284  -1
144 15 150  -1
212  -1
212  -1
15 225 142  -1
142  -1
15 225 142  -1
14 116 144 15 226 142  -1
209 142 15 225 180 139 158  -1
209  -1
15 225 180 139 158  -1
142 113 117 120 144 225  -1
142 134  -1
142 119  -1
142 55 261  -1
142 134  -1
144 77 215  -1
77 215  -1
209 187 161  -1
15 225  -1
142 209  -1
15 225  -1
144 15  -1
211  -1
211  -1
211  -1
144 15 225  -1
144 15 225  -1
15 139  -1
144 15 225  -1
144 15 225  -1
142 220 226  -1
15 225  -1
209 142  -1
211 178  -1
211 178 161  -1
211  -1
1140 1149 1146  -1
1153  -1
1152 1154  -1
211  -1
1279 142  -1
142  -1
142  -1
142  -1
142  -1
142  -1
15 225  -1
15 225  -1
282  -1
1237 220 225  -1
161  -1
220 225 161  -1
161  -1
161  -1
144 142  -1
220 225 263  -1
220 225 263  -1
144 15 225  -1
111  -1
15 10  -1
15 10  -1
161  -1
100 178 15 225  -1
286 284  -1
15 74  -1
15 74  -1
112  -1
142 73  -1
142  -1
142 15 137  -1
142 138 17  -1
142 15 116  -1
142 15 269 276  -1
142 15 150  -1
142  -1
142  -1
142  -1
220 225  -1
142 15 225  -1
211  -1
211  -1
211  -1
211  -1
255  -1
144 255  -1
255  -1
255  -1
285  -1
284 286  -1
284 286  -1
284 286  -1
284 286  -1
284 286  -1
284 286  -1
279  -1
211  -1
112 211  -1
112 211  -1
144 15 225  -1
15  -1
161  -1
161  -1
161  -1
161  -1
161  -1
161  -1
161  -1
161  -1
161  -1
161  -1
161  -1
161  -1
161  -1
163 161  -1
163 161  -1
163 161  -1
161  -1
161  -1
161  -1
161  -1
161  -1
161  -1
161  -1
161  -1
161  -1
161  -1
405 211 161  -1
211  -1
220 225 115  -1
184 15 225  -1
220 225 15 101 144  -1
15 116 101 144  -1
15 116 101 144  -1
220 225 15 101 144  -1
263 203  -1
178 15 226 158 263 203  -1
178 15 226 158 263 203  -1
178 15 226 158 263 203  -1
15 268 274 276  -1
133  -1
211 142  -1
211  -1
211  -1
211  -1
211  -1
211  -1
142 144 116 15 225 209  -1
142 144 116 225  -1
144 131  -1
142  -1
212  -1
15 225 286 284 287  -1
286 284 287  -1
209 210  -1
209 210  -1
144  -1
144  -1
15 144  -1
15 144 228  -1
144 15 115  -1
15 137  -1
211  -1
211  -1
211  -1
142 15 225  -1
211  -1
100 184 178 220 116  -1
100 184 178  -1
142  -1
142 210  -1
100  -1
142  -1
142  -1
209 15 225 139  -1
209  -1
15 225 139  -1
134  -1
211  -1
211  -1
226  -1
1140  -1
1140  -1
211  -1
211  -1
211  -1
1140 1141 1142  -1
1140 1141 1142  -1
220 225  -1
15 225  -1
15 116  -1
220 225  -1
225  -1
225  -1
211 142  -1
142  -1
211  -1
211  -1
211  -1
211  -1
102 1237  -1
211  -1
211  -1
211  -1
142  -1
112  -1
142 73  -1
142  -1
142 15 137  -1
142 138 17  -1
142 15 116  -1
142 15 269 276  -1
142 15 150  -1
142  -1
142  -1
142  -1
15  -1
142 134  -1
142 119  -1
142 55 261  -1
142 134  -1
224 144 15  -1
111  -1
144 142  -1
15 150 144  -1
15 150 142  -1
134  -1
134  -1
134  -1
15 150 139 101  -1
15 150 139 101  -1
211  -1
15 150  -1
112  -1
142 73  -1
142  -1
142 15 137  -1
142 138 17  -1
142 15 116  -1
142 15 269 276  -1
142 15 150  -1
142  -1
142  -1
142  -1
15 149 151 153  -1
149 151 153 142  -1
406 411  -1
149  -1
152  -1
151  -1
15 150 144 142  -1
105  -1
105  -1
106  -1
106  -1
142  -1
144 119  -1
144 119  -1
105  -1
211 178 187  -1
211 178 187  -1
211  -1
15 115  -1
15 115  -1
211 178  -1
211 178 161  -1
211  -1
144 142  -1
115  -1
142  -1
142  -1
406 411  -1
178 201 15  -1
268 274 158  -1
158  -1
995 158  -1
1072 158  -1
1017 1019  -1
170  -1
170 132  -1
170 132  -1
162 188 207 164  -1
162 188 207 164  -1
162 188 207 164  -1
162 188 207 164  -1
162 188 207 164  -1
162 188 207 164  -1
162 188 207 164  -1
162 188 207 164  -1
162 188 207 164  -1
162 188 207 164  -1
162 188 207 164  -1
162 188 207 164  -1
162 188 207 164  -1
162 188 207 164  -1
162 188 207 164  -1
162 188 207 164  -1
162 188 207 164  -1
162 188 207 164  -1
15 74  -1
15 74  -1
112  -1
142 73  -1
142  -1
142 15 137  -1
142 138 17  -1
142 15 116  -1
142 15 269 276  -1
142 15 150  -1
142  -1
142  -1
142  -1
144 15 116 124 120  -1
100 184  -1
100 184  -1
285  -1
284 286  -1
284 286  -1
284 286  -1
284 286  -1
284 286  -1
284 286  -1
279  -1
211  -1
115  -1
406  -1
178 201 15 116  -1
142  -1
142  -1
142  -1
142  -1
113 117 15 120  -1
441  -1
438  -1
440  -1
102 144  -1
102 144  -1
209  -1
113 118 124 122 125 123 126 117 120  -1
109 142  -1
15 113 117 124 120 142 267 276  -1
15 113 117 124 120 142 267 276  -1
1270  -1
1270  -1
102 15 225 116  -1
209 210  -1
209 210  -1
144  -1
144  -1
15 144  -1
15 144 228  -1
144 15 115  -1
15 137  -1
220 116 120  -1
220 116 120  -1
220 116 120  -1
406 411 408  -1
406 411 408  -1
406 411  -1
408  -1
408  -1
220 115  -1
220 115  -1
100 15 115  -1
144 131  -1
142  -1
211  -1
100 184 178 220 116  -1
100 184 178  -1
142  -1
142  -1
115  -1
144 119  -1
119  -1
211  -1
211  -1
211  -1
187  -1
187  -1
209 163 187 161  -1
161  -1
161 187  -1
161 187  -1
161  -1
161  -1
161  -1
161  -1
161  -1
15 150 144 142  -1
15 225  -1
15 116  -1
115  -1
119  -1
119  -1
209 144 119 117 120  -1
220 115  -1
220 115  -1
105 110 134 119  -1
55  -1
73 61  -1
442  -1
441  -1
441  -1
438  -1
440 441  -1
211  -1
100 184 165 187  -1
187 161  -1
161  -1
187 161  -1
161  -1
161  -1
161  -1
161  -1
161  -1
161  -1
187 161  -1
161  -1
105  -1
105  -1
106  -1
106  -1
142  -1
144 119  -1
144 119  -1
105  -1
178  -1
211 205  -1
161  -1
161  -1
161  -1
161  -1
161  -1
161  -1
161  -1
161 190  -1
161  -1
161 190  -1
161 190  -1
161  -1
190 161  -1
112  -1
142 73  -1
142  -1
142 15 137  -1
142 138 17  -1
142 15 116  -1
142 15 269 276  -1
142 15 150  -1
142  -1
142  -1
142  -1
73 144 14 116  -1
220 116  -1
116  -1
14 116 144 15 226 142  -1
14 116 144 15 226  -1
142  -1
142  -1
144 139  -1
144 139  -1
144 139  -1
144 139  -1
142 134  -1
142 119  -1
142 55 261  -1
142 134  -1
406  -1
411  -1
113  -1
118  -1
124  -1
117  -1
117  -1
117  -1
122  -1
125  -1
123  -1
126  -1
1173 134 119  -1
175 102  -1
178 113 139 158 170  -1
113 139 178 158 200 170  -1
178 158 161 187 206 163  -1
178 158 161  -1
184 178 158 201 161  -1
184 158 161 187 206 163  -1
184 204 185 178  -1
184 204 185 178  -1
184 204 185 178  -1
178 165  -1
77 180 183 173  -1
220 101 178 163 206 187 161 162  -1
220 101  -1
178 163 206 187 161 162  -1
408  -1
408 377  -1
408 377  -1
1147 1148 1140 1143 1146  -1
1144  -1
1139 1162 1161 1160 408  -1
408  -1
1139  -1
1141  -1
387 390  -1
387 390  -1
387 390  -1
356 359 357 361  -1
356 358 357 361  -1
356 362 361 357  -1
356 361 362 357  -1
356 361 362 357  -1
15  -1
1148  -1
21 1149  -1
426  -1
1148  -1
15  -1
21  -1
426  -1
426 406  -1
406  -1
427 1155 431 430 1150  -1
431 430 1150  -1
1142 1139 1149 1148 1159 1162 1160 1161 1179  -1
104 208  -1
100 209  -1
102  -1
111  -1
1140  -1
282  -1
377  -1
420 423  -1
420 423  -1
420  -1
408  -1
408  -1
408 377  -1
1147 1148 1140 1143 1146  -1
1144  -1
1139 1162 1161 1160 408  -1
408  -1
1139  -1
1141  -1
381  -1
39  -1
259  -1
455  -1
455  -1
455  -1
455  -1
142 100  -1
142 102 209  -1
455  -1
73  -1
142  -1
142  -1
142  -1
142  -1
142  -1
142  -1
142  -1
142  -1
142  -1
142  -1
142  -1
142  -1
142  -1
142  -1
142  -1
142  -1
142  -1
142  -1
455 1280 142  -1
455  -1
112 104 453  -1
178 170  -1
187  -1
178  -1
161  -1
178  -1
206  -1
178  -1
163  -1
164  -1
178  -1
179  -1
179  -1
323  -1
457  -1
161 455  -1
161 455  -1
1168 446  -1
455  -1
455  -1
455  -1
455  -1
406 411  -1
209 406 175 1052  -1
209  -1
87  -1
87  -1
405 1256 1273 87  -1
204  -1
406  -1
411  -1
411 1142  -1
408  -1
406  -1
406 440  -1
406  -1
1140 1141 1149  -1
209  -1
411  -1
411  -1
411  -1
411  -1
411  -1
411  -1
411  -1
142  -1
142  -1
142  -1
142  -1
144  -1
144  -1
144  -1
147  -1
146 148  -1
148 1280 410 142  -1
184 15 161 187  -1
111  -1
111  -1
411  -1
1141  -1
1141 142  -1
15  -1
1148  -1
21 1149  -1
426  -1
1148  -1
104  -1
408  -1
408  -1
408 377  -1
1147 1148 1140 1143 1146  -1
1144  -1
1139 1162 1161 1160 408  -1
408  -1
1139  -1
1141  -1
381 41 382  -1
411 39 382 383  -1
411  -1
42  -1
442  -1
446  -1
381 41 382  -1
39 382 383  -1
42 382  -1
41 382  -1
406  -1
411  -1
406  -1
408  -1
408  -1
406 440  -1
77  -1
144  -1
163 161  -1
161  -1
142  -1
142  -1
178 184 170 163  -1
178 187  -1
178 164  -1
178 187  -1
178 164  -1
178 187  -1
178 164  -1
178 163 206 187 161  -1
100  -1
178 184 170 163  -1
178 187  -1
178 164  -1
178 187  -1
178 164  -1
178 187  -1
178 164  -1
178 163 206 187 161  -1
144 110 142 73  -1
144 110 142 73  -1
142 144  -1
142  -1
142  -1
142  -1
142  -1
142  -1
142  -1
142  -1
144 110  -1
209  -1
142  -1
142  -1
142  -1
142  -1
142  -1
142  -1
142  -1
142  -1
142  -1
142  -1
142  -1
142  -1
142  -1
142  -1
142  -1
142  -1
142  -1
142  -1
142  -1
142  -1
142  -1
142  -1
142  -1
142  -1
142  -1
144 209  -1
143  -1
184 100  -1
184 100  -1
184 174 170  -1
1271 211  -1
110  -1
15 225 142  -1
178 184 170 163  -1
178 187  -1
178 164  -1
178 187  -1
178 164  -1
178 187  -1
178 164  -1
178 163 206 187 161  -1
184 187  -1
187  -1
184 211 187  -1
184  -1
187  -1
184 161 206 187  -1
161 206  -1
161  -1
187  -1
184 211 187  -1
184  -1
163  -1
161  -1
144  -1
209  -1
142  -1
142  -1
142  -1
142  -1
142  -1
142  -1
142  -1
142  -1
142  -1
142  -1
142  -1
142  -1
142  -1
142  -1
142  -1
142  -1
142  -1
142  -1
142  -1
142  -1
142  -1
142  -1
142  -1
142  -1
142  -1
144 209  -1
144  -1
209  -1
144 209  -1
142  -1
142  -1
142  -1
142  -1
142  -1
142  -1
142  -1
142  -1
142  -1
142  -1
142  -1
142  -1
142  -1
142  -1
142  -1
142  -1
142  -1
142  -1
142  -1
142  -1
142  -1
142  -1
142  -1
142  -1
142  -1
259  -1
1140 259  -1
1152 1154  -1
1153  -1
1154  -1
136 134  -1
452  -1
452  -1
452  -1
452  -1
452  -1
452  -1
452  -1
452  -1
443  -1
282  -1
1140  -1
441  -1
438  -1
440  -1
1146  -1
144  -1
144  -1
77 79 103  -1
87  -1
93  -1
84  -1
83  -1
86  -1
87  -1
88  -1
92  -1
82  -1
98  -1
98  -1
89  -1
95  -1
104  -1
104  -1
112 1270  -1
112 1270  -1
112 1270  -1
110 105  -1
112 1270  -1
112 1270  -1
112 1270  -1
110 105  -1
408  -1
408  -1
408 377  -1
1147 1148 1140 1143 1146  -1
1144  -1
1139 1162 1161 1160 408  -1
408  -1
1139  -1
1141  -1
104  -1
110 106  -1
1167  -1
1167 1165  -1
479  -1
110 106  -1
110 106  -1
455  -1
112 104 453  -1
426 406  -1
406  -1
427 1155 431 430 1150  -1
431 430 1150  -1
104  -1
110 106  -1
1167  -1
1167 1165  -1
110 106  -1
110 106  -1
134 508  -1
139  -1
139  -1
134 508  -1
134 508  -1
134 508  -1
381  -1
39  -1
259  -1
382  -1
382  -1
382  -1
1140 1150  -1
104  -1
144 220 115  -1
142 144 220 115 104  -1
77  -1
142  -1
142  -1
175  -1
175  -1
142  -1
25  -1
77 1237  -1
104 1106  -1
77 214  -1
1201 77  -1
77  -1
175 102  -1
178 113 139 158 170  -1
113 139 178 158 200 170  -1
178 158 161 187 206 163  -1
178 158 161  -1
184 178 158 201 161  -1
184 158 161 187 206 163  -1
184 204 185 178  -1
184 204 185 178  -1
184 204 185 178  -1
178 165  -1
77 180 183 173  -1
77  -1
1256 1278  -1
77 214  -1
98  -1
92  -1
92  -1
92 73  -1
92  -1
15  -1
142 134  -1
142 119  -1
142 55 261  -1
142 134  -1
178 15 225 506 507  -1
134 508  -1
139  -1
139  -1
134 508  -1
134 508  -1
134 508  -1
104  -1
110 106  -1
1167  -1
1167 1165  -1
110 106  -1
110 106  -1
487  -1
487  -1
487 144 488  -1
104  -1
110 106  -1
1167  -1
1167 1165  -1
479  -1
110 106  -1
110 106  -1
1146  -1
426 406  -1
406  -1
427 1155 431 430 1150  -1
431 430 1150  -1
39  -1
1140 1142 1149 1178  -1
406 411  -1
144 142  -1
115  -1
142  -1
142  -1
144 142  -1
39  -1
137  -1
134  -1
139  -1
137  -1
131  -1
132  -1
133  -1
135  -1
137  -1
130  -1
136  -1
140  -1
112  -1
73  -1
15 137  -1
138 17  -1
15 236 144  -1
144  -1
144  -1
144  -1
144  -1
1142  -1
178 201 15  -1
268 274 158  -1
158  -1
995 158  -1
1072 158  -1
1017 1034 1031 1036 1032 1033 1019  -1
170  -1
170 132  -1
170 132  -1
162 188 207 164  -1
162 188 207 164  -1
162 188 207 164  -1
162 188 207 164  -1
162 188 207 164  -1
162 188 207 164  -1
162 188 207 164  -1
162 188 207 164  -1
162 188 207 164  -1
162 188 207 164  -1
162 188 207 164  -1
162 188 207 164  -1
162 188 207 164  -1
162 188 207 164  -1
162 188 207 164  -1
162 188 207 164  -1
162 188 207 164  -1
162 188 207 164  -1
144  -1
1142 1141 142  -1
142 170 181  -1
110 105 134 138  -1
110 105 134 138  -1
134 138  -1
134  -1
110  -1
15 149 151 153  -1
149 151 153 142  -1
1139 1140 1159 1162 1161 1142  -1
137  -1
134  -1
139  -1
139 15 137  -1
131  -1
132  -1
133  -1
135  -1
137  -1
130  -1
136  -1
140  -1
1146  -1
144  -1
144  -1
1142 1141  -1
142 144 116 126  -1
137  -1
15  -1
144  -1
144  -1
15  -1
1148  -1
21 1149  -1
426  -1
1148  -1
16 276 274  -1
270  -1
1090 144  -1
1140 1141 1142 1149  -1
15  -1
15  -1
15  -1
142  -1
15 39  -1
1148 339 1140 1141 1146 1143 1150  -1
339  -1
15  -1
21  -1
426  -1
236 238  -1
236 238  -1
241  -1
251  -1
243  -1
236 238 243  -1
112  -1
142 73  -1
142  -1
142 15 137  -1
142 138 17  -1
142 15 116  -1
142 15 269 276  -1
142 15 150  -1
142  -1
142  -1
142  -1
1142 1139 1149 1148 1159 1162 1160 1161 1179  -1
408  -1
408 377  -1
408 377  -1
1147 1148 1140 1143 1146  -1
1144  -1
1139 1162 1161 1160 408  -1
408  -1
1139  -1
1141  -1
382  -1
382  -1
382  -1
426 406  -1
406  -1
427 1155 431 430 1150  -1
431 430 1150  -1
112  -1
73  -1
15 137  -1
138 17  -1
15 116  -1
15 269 276  -1
15 150  -1
100 211  -1
110  -1
112  -1
73  -1
15 137  -1
138 17  -1
142  -1
142  -1
178  -1
190  -1
192  -1
190 161  -1
190 162  -1
163  -1
164  -1
166  -1
167  -1
192 187  -1
192 188  -1
206  -1
207  -1
192 187  -1
192 188  -1
192 188  -1
192  -1
192 188  -1
192  -1
192 188  -1
192  -1
192 188  -1
192  -1
192 188  -1
192  -1
192 188  -1
192  -1
187  -1
188  -1
206  -1
207  -1
207  -1
207  -1
207  -1
207  -1
207  -1
207  -1
206  -1
207  -1
163  -1
164  -1
164  -1
164  -1
164  -1
164  -1
164  -1
164  -1
163  -1
164  -1
166  -1
167  -1
167  -1
167  -1
167  -1
167  -1
167  -1
167  -1
166  -1
167  -1
190 161  -1
190 162  -1
190 162  -1
190  -1
190 162  -1
190  -1
190 162  -1
190  -1
190 162  -1
190  -1
190 162  -1
190  -1
190 162  -1
190  -1
161  -1
162  -1
211  -1
178  -1
190  -1
192  -1
192 187  -1
192 188  -1
192 188  -1
192  -1
192 188  -1
192  -1
192 188  -1
192  -1
192 188  -1
192  -1
192 188  -1
192  -1
192 188  -1
192  -1
187  -1
188  -1
206  -1
207  -1
207  -1
207  -1
207  -1
207  -1
207  -1
207  -1
206  -1
207  -1
163  -1
164  -1
164  -1
164  -1
164  -1
164  -1
164  -1
164  -1
163  -1
164  -1
166  -1
167  -1
167  -1
167  -1
167  -1
167  -1
167  -1
167  -1
166  -1
167  -1
190 161  -1
190 162  -1
190 162  -1
190  -1
190 162  -1
190  -1
190 162  -1
190  -1
190 162  -1
190  -1
190 162  -1
190  -1
190 162  -1
190  -1
161  -1
162  -1
408 411 1142  -1
1140 1146  -1
1140 1146 1149  -1
1140 1146 1149  -1
1140 1146 1149  -1
1140 1142 1149  -1
105  -1
211  -1
211  -1
211 144 142  -1
144  -1
1140 1142 1149  -1
1140 1142 1149  -1
1140 1142 1149  -1
211 144  -1
142  -1
74  -1
15 142 115 73  -1
142  -1
142  -1
1140 1146 1141 1139 1162  -1
1140  -1
1140  -1
100  -1
142  -1
220 225 115  -1
142  -1
144 15 115 73  -1
144 15 115 73  -1
142  -1
211 142  -1
211 142  -1
211 142  -1
211 142  -1
142  -1
142  -1
142  -1
142  -1
142  -1
144 142  -1
131  -1
132  -1
1141 1146 1140 133  -1
136  -1
130  -1
138  -1
134  -1
140  -1
135  -1
137  -1
139  -1
220 236 238  -1
73  -1
73  -1
1140 1146  -1
102 100 144  -1
100 144  -1
144  -1
144  -1
1140 1139 1160 1161  -1
73  -1
100 211  -1
110  -1
144  -1
142  -1
142  -1
142  -1
142  -1
142  -1
142  -1
142  -1
142  -1
142  -1
142  -1
142  -1
142  -1
142  -1
142  -1
142  -1
142  -1
144  -1
144  -1
144  -1
262  -1
220 225 115  -1
100 144  -1
100  -1
142  -1
184  -1
142  -1
144  -1
100  -1
211  -1
100 184 178 220 116  -1
100 184 178  -1
144  -1
100 184  -1
115  -1
73  -1
73  -1
142  -1
209  -1
184 109 110  -1
182 76 202  -1
110  -1
184 109 110  -1
142  -1
142  -1
142  -1
142  -1
142  -1
142  -1
142  -1
142  -1
142  -1
142  -1
142  -1
142  -1
142  -1
142  -1
142  -1
142  -1
142  -1
142  -1
142  -1
142  -1
142  -1
142  -1
142  -1
142  -1
142  -1
142  -1
142  -1
142  -1
142  -1
15 18 268  -1
142  -1
142  -1
142  -1
142  -1
142  -1
220 236  -1
115  -1
15 150 144 142  -1
220 225  -1
225  -1
225  -1
73  -1
142  -1
142  -1
144  -1
144  -1
220 231  -1
142  -1
142  -1
211  -1
1140  -1
105  -1
106  -1
108  -1
184 170 15 202  -1
143  -1
142  -1
184 170 15 202  -1
1201 77  -1
262  -1
262 1142  -1
100 211  -1
110  -1
144  -1
100 144  -1
142  -1
142  -1
209  -1
178 100  -1
178  -1
179  -1
162  -1
188  -1
207  -1
164  -1
161  -1
187  -1
206  -1
163  -1
187  -1
161  -1
182  -1
202  -1
209  -1
100 144  -1
211 142  -1
144  -1
211 142  -1
144  -1
142  -1
104  -1
110 106  -1
1167  -1
1167 1165  -1
479  -1
110 106  -1
110 106  -1
142 73  -1
1146 1139 1141 1147 1148 1150 1140  -1
75  -1
75  -1
161  -1
161  -1
196  -1
1140  -1
1140 133  -1
1140 133  -1
145  -1
262  -1
106  -1
106  -1
1142  -1
1142  -1
1142  -1
1142  -1
1142  -1
1142  -1
142  -1
142  -1
142  -1
142  -1
142  -1
142  -1
144  -1
142  -1
142  -1
142  -1
142  -1
142  -1
142  -1
142  -1
142  -1
142  -1
142  -1
142  -1
142  -1
142  -1
142  -1
142  -1
142  -1
142  -1
142  -1
142  -1
142  -1
142  -1
142  -1
142  -1
142  -1
142  -1
144 209  -1
142  -1
142  -1
142  -1
142  -1
142  -1
142  -1
15 225 142  -1
77  -1
142  -1
143  -1
142  -1
142  -1
142  -1
144 225  -1
178 182 202  -1
144  -1
144  -1
144  -1
105  -1
105  -1
106  -1
106  -1
142  -1
144 119  -1
144 119  -1
105  -1
211  -1
100 105  -1
100 105  -1
144 15 225  -1
1140 1146 1150  -1
77 214  -1
98  -1
92  -1
92  -1
92 73  -1
92  -1
144 15 225  -1
142 220 226  -1
100  -1
142  -1
142  -1
142  -1
178 206 187 161 163 201 15 268 274  -1
178 201 15 268 274  -1
206 187 161 163  -1
1140 1142 1149 1178  -1
178 202 1279 206  -1
190  -1
161  -1
187  -1
206  -1
163  -1
166  -1
190  -1
192  -1
15 150  -1
144 142  -1
115  -1
142  -1
142  -1
142  -1
142  -1
142  -1
142  -1
142  -1
142  -1
142  -1
142  -1
142  -1
142  -1
142  -1
142  -1
142  -1
142  -1
142  -1
142  -1
142  -1
142  -1
142  -1
142  -1
142  -1
142  -1
142  -1
142  -1
142  -1
142  -1
142  -1
142  -1
142  -1
73  -1
74  -1
184 170 15  -1
184 170 178  -1
184 170 15  -1
184 170 15  -1
190  -1
192  -1
190  -1
100 144  -1
132  -1
74 165  -1
74 165  -1
165 182  -1
165 182  -1
165 195  -1
165 196  -1
165 196  -1
165 196  -1
165 191  -1
165 191  -1
165 178  -1
74  -1
105  -1
105  -1
106  -1
106  -1
142  -1
105  -1
142 15  -1
142  -1
110 144  -1
144 142 73 110  -1
144 142 73  -1
110  -1
144  -1
144  -1
110  -1
142  -1
1140 133  -1
1140 133  -1
145  -1
262  -1
574 286 284 287  -1
286 284 287  -1
574  -1
574 286 284 287 166 163 187  -1
161 286 187 284 287  -1
574 187  -1
574  -1
807  -1
1141 1146 1143 1148 1140 1139 571 1149 528  -1
525  -1
525  -1
525  -1
525  -1
574 286 284 287 166 163 187  -1
161 286 187 284 287  -1
574 187  -1
807  -1
1141 1146 1143 1148 1140 1139 571 1149 528  -1
525  -1
525  -1
600 603 606 602 605  -1
574 286 284 287 166 163 187  -1
161 286 187 284 287  -1
574 187  -1
653  -1
656  -1
673 661  -1
673 661 668  -1
813  -1
813  -1
813  -1
813  -1
144  -1
163 161  -1
161  -1
144  -1
144  -1
144  -1
106  -1
106  -1
1142  -1
1142  -1
1142  -1
1142  -1
1142  -1
1142  -1
142  -1
142  -1
115  -1
105  -1
105  -1
106  -1
106  -1
142  -1
144 119  -1
144 119  -1
105  -1
106  -1
142  -1
142  -1
142  -1
106  -1
142  -1
142  -1
142  -1
142  -1
142  -1
142  -1
142  -1
142  -1
100  -1
143  -1
1140 133  -1
1140 133  -1
145  -1
262  -1
144 139  -1
144 139  -1
144 139  -1
144 139  -1
144 15 268 274  -1
144  -1
209  -1
144 209  -1
142  -1
142  -1
142  -1
142  -1
142  -1
142  -1
142  -1
142  -1
142  -1
142  -1
142  -1
142  -1
142  -1
142  -1
142  -1
142  -1
142  -1
142  -1
142  -1
142  -1
142  -1
142  -1
142  -1
142  -1
112  -1
142 73  -1
142  -1
142 15 137  -1
142 138 17  -1
142 15 116  -1
142 15 269 276  -1
142 15 150  -1
142  -1
142  -1
142  -1
142  -1
15  -1
142  -1
100 211  -1
110  -1
142  -1
142  -1
144  -1
144  -1
144  -1
142  -1
142  -1
142  -1
142  -1
142  -1
144 15 225  -1
15  -1
100  -1
209 142  -1
142  -1
144 15 225  -1
1279  -1
144  -1
144  -1
142  -1
142  -1
142  -1
142  -1
142  -1
142  -1
142  -1
142  -1
142  -1
142  -1
142  -1
142  -1
142  -1
142  -1
142  -1
142  -1
142  -1
142  -1
142  -1
142  -1
142  -1
142  -1
142  -1
142  -1
146  -1
146  -1
146  -1
178  -1
190  -1
192  -1
190 161  -1
190 162  -1
163  -1
164  -1
166  -1
167  -1
192 187  -1
192 188  -1
206  -1
207  -1
192 187  -1
192 188  -1
192 188  -1
192  -1
192 188  -1
192  -1
192 188  -1
192  -1
192 188  -1
192  -1
192 188  -1
192  -1
192 188  -1
192  -1
187  -1
188  -1
206  -1
207  -1
207  -1
207  -1
207  -1
207  -1
207  -1
207  -1
206  -1
207  -1
163  -1
164  -1
164  -1
164  -1
164  -1
164  -1
164  -1
164  -1
163  -1
164  -1
166  -1
167  -1
167  -1
167  -1
167  -1
167  -1
167  -1
167  -1
166  -1
167  -1
190 161  -1
190 162  -1
190 162  -1
190  -1
190 162  -1
190  -1
190 162  -1
190  -1
190 162  -1
190  -1
190 162  -1
190  -1
190 162  -1
190  -1
161  -1
162  -1
209  -1
1140 133  -1
1140 133  -1
262  -1
1279 286 144 111  -1
286 144 111  -1
142 144  -1
142  -1
142  -1
142  -1
142  -1
142  -1
142  -1
142  -1
1089 286  -1
1089  -1
286  -1
211  -1
211  -1
115  -1
286 284  -1
286 284  -1
142  -1
143  -1
144  -1
142  -1
144 225 139  -1
144 142  -1
142  -1
142  -1
142  -1
144  -1
106  -1
106  -1
106  -1
106  -1
106  -1
106  -1
106  -1
106  -1
455  -1
112 104 453  -1
1270 142  -1
142 111  -1
1270 142  -1
1279 111  -1
104  -1
144  -1
209  -1
142  -1
142  -1
142  -1
142  -1
142  -1
142  -1
142  -1
142  -1
142  -1
142  -1
142  -1
142  -1
142  -1
142  -1
142  -1
142  -1
142  -1
142  -1
142  -1
142  -1
142  -1
142  -1
142  -1
142  -1
142  -1
144 209  -1
1173 134 119  -1
112 211  -1
112 211  -1
112 211  -1
142  -1
142  -1
142  -1
142  -1
104  -1
106  -1
100 105  -1
100 105  -1
142 110  -1
142 110  -1
1142  -1
106  -1
106  -1
106  -1
106  -1
106  -1
106  -1
106  -1
106  -1
106  -1
106  -1
106  -1
115  -1
1280  -1
1280  -1
142  -1
142  -1
111  -1
144  -1
209  -1
112 104 1256 1278 1170  -1
112 104 1256 1275 1170  -1
112 104 214 1170  -1
1168  -1
1172  -1
209  -1
111  -1
111  -1
77  -1
106  -1
111  -1
110  -1
104  -1
144 15 225  -1
111  -1
1168  -1
1256 1168  -1
1256  -1
1168  -1
1168  -1
1168 1172  -1
112  -1
73  -1
15 137  -1
138 17  -1
15 116  -1
15 269 276  -1
15 150  -1
100 211  -1
110  -1
112  -1
73  -1
15 137  -1
138 17  -1
142  -1
25  -1
77 1237  -1
144  -1
209  -1
142  -1
142  -1
142  -1
142  -1
142  -1
142  -1
142  -1
142  -1
142  -1
142  -1
142  -1
142  -1
142  -1
142  -1
142  -1
142  -1
142  -1
142  -1
142  -1
142  -1
142  -1
142  -1
142  -1
142  -1
142  -1
144 209  -1
100  -1
1140 1142 1149  -1
105  -1
112 209 178  -1
111  -1
112 211  -1
104  -1
111  -1
142  -1
142  -1
142  -1
1280 142  -1
110  -1
110  -1
110  -1
142 1237 110  -1
142 110  -1
142 110  -1
142 110  -1
77 1256 1275 103  -1
1142 1141 1148 1140 1149 1150  -1
1142 1141 1148 1149 1150  -1
1142 1141 1148 1149 1150  -1
1142 1141 1148 1149 1150  -1
1142 1141 1148 1149 1150  -1
105 479  -1
111  -1
104  -1
110 105 134 138  -1
110 105 134 138  -1
134 138  -1
134  -1
110  -1
106  -1
1052  -1
1052  -1
10  -1
104  -1
111  -1
166  -1
163  -1
206  -1
187  -1
161  -1
104 214 178 187  -1
406  -1
406  -1
104 208  -1
100 209  -1
102  -1
73 104 1164 405  -1
106  -1
106  -1
106  -1
142  -1
115  -1
1279 286 144 111  -1
286 144 111  -1
104  -1
110 106  -1
1167  -1
1167 1165  -1
110 106  -1
110 106  -1
406 178 192 187  -1
406 178 192 187  -1
411  -1
111  -1
105 1156  -1
15 144  -1
15 144  -1
100  -1
106  -1
106  -1
112 209 178  -1
104  -1
1256  -1
1256  -1
106  -1
105 110 134 119  -1
142 100  -1
1108 1113  -1
1140 1139 1160 1161 1146  -1
210 142 112 211  -1
112  -1
142 73  -1
142  -1
142 15 137  -1
142 138 17  -1
142 15 116  -1
142 15 269 276  -1
142 15 150  -1
142  -1
142  -1
142  -1
100  -1
111  -1
103  -1
104 211  -1
211  -1
112 209  -1
112  -1
73  -1
15 137  -1
138 17  -1
15 116  -1
15 269 276  -1
15 150  -1
209  -1
111  -1
111  -1
10  -1
10  -1
10 12  -1
10 12  -1
1052  -1
1052  -1
10  -1
104  -1
11  -1
10  -1
10  -1
10  -1
10  -1
10  -1
10  -1
209 10  -1
10  -1
142  -1
142  -1
142  -1
142  -1
142  -1
142  -1
142  -1
142  -1
10 12  -1
10  -1
10  -1
12 10  -1
10 12  -1
10  -1
10  -1
10  -1
10 12  -1
1279  -1
10  -1
10  -1
11  -1
286  -1
284  -1
279 286  -1
279 286  -1
279 286  -1
279  -1
1279 205  -1
205  -1
286  -1
284  -1
285  -1
287  -1
280  -1
281  -1
286 284  -1
286 284  -1
286 284  -1
286  -1
286 284 287  -1
286 284  -1
286 284  -1
286 284  -1
286 284  -1
285  -1
284 286  -1
284 286  -1
284 286  -1
284 286  -1
284 286  -1
284 286  -1
279  -1
211  -1
286 279  -1
286 279  -1
286 284  -1
279 286  -1
1089 286  -1
1089  -1
286  -1
286 284  -1
209 286  -1
286 284  -1
209  -1
15 225 286 284 287  -1
286 284 287  -1
286  -1
284  -1
190 161  -1
286 161 284  -1
286 161 284  -1
286 161 284  -1
286 161 284  -1
286 161 284  -1
288 286  -1
286 146 284  -1
286 146 284  -1
286 146 284  -1
286 287  -1
209  -1
286 284  -1
286 284  -1
286 284  -1
286 284 287  -1
286 209 144 284 111  -1
286 284  -1
190 161  -1
286 284  -1
161  -1
166  -1
166  -1
166  -1
185  -1
286 284  -1
286 284  -1
284  -1
286  -1
287  -1
285  -1
285  -1
285  -1
286 284  -1
286 284  -1
286 284 287  -1
286 284 287  -1
286 284 287  -1
286 284 287  -1
286 284 287  -1
286 284 287  -1
282  -1
184 15 286 284 287  -1
286 284 287  -1
142  -1
286  -1
209 286  -1
286 284  -1
286 284  -1
286 284  -1
286 284  -1
286 284  -1
286 284  -1
286 284  -1
144 15 150  -1
286 284  -1
144 15 150  -1
142  -1
286 284  -1
286 284  -1
286 284  -1
187 286 161 284  -1
163 187  -1
161  -1
286 187 287  -1
209 187  -1
142 134  -1
142 119  -1
142 55 261  -1
142 134  -1
144  -1
178 201 15 211  -1
268 274 158  -1
158  -1
995 158  -1
1072 158  -1
1017 1034 1031 1036 1032 1033 1019  -1
170  -1
170 132  -1
170 132  -1
162 188 207 164  -1
162 188 207 164  -1
162 188 207 164  -1
162 188 207 164  -1
162 188 207 164  -1
162 188 207 164  -1
162 188 207 164  -1
162 188 207 164  -1
162 188 207 164  -1
162 188 207 164  -1
162 188 207 164  -1
162 188 207 164  -1
162 188 207 164  -1
162 188 207 164  -1
162 188 207 164  -1
162 188 207 164  -1
162 188 207 164  -1
162 188 207 164  -1
178 201 15  -1
268 274 158  -1
158  -1
995 158  -1
1072 158  -1
1017 1019  -1
170  -1
170 132  -1
170 132  -1
162 188 207 164  -1
162 188 207 164  -1
162 188 207 164  -1
162 188 207 164  -1
162 188 207 164  -1
162 188 207 164  -1
162 188 207 164  -1
162 188 207 164  -1
162 188 207 164  -1
162 188 207 164  -1
162 188 207 164  -1
162 188 207 164  -1
162 188 207 164  -1
162 188 207 164  -1
162 188 207 164  -1
162 188 207 164  -1
162 188 207 164  -1
162 188 207 164  -1
110 105 134 138  -1
110 105 134 138  -1
134 138  -1
134  -1
110  -1
10 12  -1
144 1237  -1
144 997  -1
144  -1
144  -1
144 995  -1
997 144  -1
10  -1
212  -1
1005 101 142  -1
995  -1
210 144  -1
210 144  -1
142 134  -1
142 119  -1
142 55 261  -1
142 134  -1
144  -1
144  -1
144  -1
178 201 15 211  -1
268 274 158  -1
158  -1
995 158  -1
1072 158  -1
1017 1034 1031 1036 1032 1033 1019  -1
170  -1
170 132  -1
170 132  -1
162 188 207 164  -1
162 188 207 164  -1
162 188 207 164  -1
162 188 207 164  -1
162 188 207 164  -1
162 188 207 164  -1
162 188 207 164  -1
162 188 207 164  -1
162 188 207 164  -1
162 188 207 164  -1
162 188 207 164  -1
162 188 207 164  -1
162 188 207 164  -1
162 188 207 164  -1
162 188 207 164  -1
162 188 207 164  -1
162 188 207 164  -1
162 188 207 164  -1
259  -1
1140 259  -1
1152 1154  -1
1153  -1
1154  -1
15 74  -1
15 74  -1
209 406 175 1052  -1
209  -1
104  -1
1052  -1
1052  -1
10  -1
104  -1
15 144  -1
15 144  -1
100  -1
209 406 104 1052  -1
209  -1
209 286 187  -1
209 286  -1
209 406 175 1052  -1
209  -1
220 226 101 178 163 206 187 161 162  -1
220 226 101  -1
178 163 206 187 161 162  -1
178 201 15  -1
268 274 158  -1
158  -1
995 158  -1
1072 158  -1
1017 1019  -1
170  -1
170 132  -1
170 132  -1
162 188 207 164  -1
162 188 207 164  -1
162 188 207 164  -1
162 188 207 164  -1
162 188 207 164  -1
162 188 207 164  -1
162 188 207 164  -1
162 188 207 164  -1
162 188 207 164  -1
162 188 207 164  -1
162 188 207 164  -1
162 188 207 164  -1
162 188 207 164  -1
162 188 207 164  -1
162 188 207 164  -1
162 188 207 164  -1
162 188 207 164  -1
162 188 207 164  -1
144 105 104 134 140 1080 1082  -1
105 73 104 134 138 61 45  -1
134 140 1080 1082  -1
144 73 104 134 138  -1
144 110 138 73 61 45  -1
106 73  -1
134  -1
142 134  -1
142 119  -1
142 55 261  -1
142 134  -1
142 134  -1
142 119  -1
142 55 261  -1
142 134  -1
1089 286 161 187 206 163 162  -1
1089  -1
286 161 187 206 163 162  -1
15 74  -1
15 74  -1
1090 144  -1
142 134  -1
142 119  -1
142 55 261  -1
142 134  -1
142  -1
1105  -1
1108 1113  -1
15  -1
1146  -1
144  -1
144  -1
15  -1
1140  -1
211  -1
209  -1
211  -1
211 178  -1
211 178  -1
178 211  -1
144 15 225  -1
144  -1
142  -1
1149 1140 39 1179  -1
406 440  -1
224 15 142 144  -1
224 15 142 144  -1
142 15 225  -1
15 116 124 184  -1
144 225  -1
15 184 263 203  -1
15 184 263 203  -1
15 184 263 203 166 163 206 187 161  -1
15 184 263 203 166 163 206 187 161  -1
15 184 263 203 166 163 206 187 161  -1
15 269 274 275 184 263 203 178  -1
144 15 226  -1
100 15 115  -1
15 225 144  -1
15 225 144  -1
15 225  -1
211  -1
100 184 178 220 116  -1
100 184 178  -1
142 210  -1
166  -1
163  -1
206  -1
187  -1
161  -1
104 214 178 187  -1
100  -1
144 15 236  -1
144  -1
144  -1
73 144  -1
144  -1
144 139  -1
144 139  -1
144 139  -1
144 139  -1
211  -1
211  -1
115  -1
144  -1
15  -1
1140 39  -1
1140 1141  -1
209 15 225 139  -1
209  -1
15 225 139  -1
134  -1
211  -1
211  -1
211  -1
211  -1
211  -1
187  -1
187  -1
209 187 161  -1
161  -1
161 187  -1
161 187  -1
161  -1
161  -1
161  -1
161  -1
161  -1
178 201 15 211  -1
268 274 158  -1
158  -1
995 158  -1
1072 158  -1
1017 1034 1031 1036 1032 1033 1019  -1
170  -1
170 132  -1
170 132  -1
162 188 207 164  -1
162 188 207 164  -1
162 188 207 164  -1
162 188 207 164  -1
162 188 207 164  -1
162 188 207 164  -1
162 188 207 164  -1
162 188 207 164  -1
162 188 207 164  -1
162 188 207 164  -1
162 188 207 164  -1
162 188 207 164  -1
162 188 207 164  -1
162 188 207 164  -1
162 188 207 164  -1
162 188 207 164  -1
162 188 207 164  -1
162 188 207 164  -1
211  -1
15 144  -1
15 144  -1
100  -1
15 150 144 142  -1
211  -1
1140  -1
1140  -1
211  -1
211  -1
211  -1
1140 1141 1142  -1
1140 1141 1142  -1
14 225  -1
225  -1
225  -1
225  -1
211 142  -1
142  -1
211  -1
16 276 274  -1
270  -1
211  -1
211  -1
142 15 268 274  -1
211  -1
102 1237  -1
144  -1
15  -1
15  -1
16  -1
211  -1
411 1140 1146 1149 1178  -1
411  -1
211  -1
142  -1
143  -1
142  -1
211 142  -1
211  -1
144 15 225  -1
15  -1
15  -1
15  -1
142  -1
211  -1
211  -1
15 225 144  -1
144 15 225 142  -1
142 144 116 225  -1
142  -1
15 101 184 263 203 139  -1
211  -1
209 142 117 120  -1
209 142 117 120  -1
142 117 120  -1
142 117 120  -1
209 142 117 120  -1
211 205  -1
21  -1
21  -1
161  -1
161  -1
161  -1
161  -1
161  -1
161  -1
161  -1
161 190  -1
161  -1
161 190  -1
161 190  -1
161  -1
190 161  -1
15  -1
73 144 14 116  -1
14 225 144  -1
15  -1
211  -1
211  -1
15 21  -1
15 21  -1
21  -1
15 21  -1
15  -1
144 15 150  -1
286 284  -1
144 15 150  -1
15 225  -1
144 15  -1
212  -1
212  -1
15 225 187  -1
187  -1
187  -1
408  -1
408 377  -1
408 377  -1
1147 1148 1140 1143 1146  -1
1144  -1
1139 1162 1161 1160 408  -1
408  -1
1139  -1
1141  -1
14 116 144 15 226 142  -1
14 116 144 15 226  -1
142  -1
142  -1
15 115  -1
15 225 142  -1
144 15 115 1214 142  -1
144 15 115 1214 142  -1
224 144 142  -1
224 144 15 142  -1
209 161 187 163 166  -1
16 406  -1
1142 1139 1140 1149  -1
406  -1
406  -1
16  -1
1140 1141 406  -1
1141 406  -1
39  -1
15 225  -1
211  -1
15  -1
211  -1
15  -1
15 144 142  -1
211  -1
211  -1
142 144  -1
142 144  -1
142 144  -1
142 144  -1
144 15 225  -1
210  -1
15  -1
178 206 187 161 163 201 15 268 274  -1
178 201 15 268 274  -1
206 187 161 163  -1
170 132  -1
170 132  -1
15 225  -1
15 115  -1
15 115  -1
178 206 187 161 163 201 15 268 274  -1
178 201 15 268 274  -1
206 187 161 163  -1
211 178  -1
211 178 161  -1
115  -1
211  -1
211  -1
144 142  -1
115  -1
142  -1
142  -1
15 225  -1
15 225  -1
282  -1
15  -1
1148  -1
21 1149  -1
426  -1
1148  -1
15 225  -1
211  -1
211  -1
15 225 73  -1
15  -1
106  -1
112  -1
142 73  -1
142  -1
142 15 137  -1
142 138 17  -1
142 15 116  -1
142 15 269 276  -1
142 15 150  -1
142  -1
142  -1
142  -1
15 74  -1
15 74  -1
15 74  -1
15 74  -1
112  -1
73  -1
15 137  -1
138 17  -1
144 15 225  -1
211  -1
211  -1
211  -1
211  -1
285  -1
284 286  -1
284 286  -1
284 286  -1
284 286  -1
284 286  -1
284 286  -1
279  -1
211  -1
144 116  -1
211  -1
112 211  -1
112 211  -1
1270  -1
1270  -1
144 15 225  -1
161  -1
161  -1
161  -1
161  -1
161  -1
161  -1
161  -1
161  -1
161  -1
161  -1
161  -1
161  -1
161  -1
163 161  -1
163 161  -1
163 161  -1
161  -1
161  -1
161  -1
161  -1
161  -1
161  -1
161  -1
161  -1
161  -1
161  -1
405 211 161  -1
211  -1
15 142 115 73  -1
15  -1
211  -1
255  -1
144 255  -1
255  -1
255  -1
211 142  -1
15  -1
15  -1
142 15 269 276 274 10  -1
142 15 269 276 274 10  -1
12  -1
211  -1
15 149 151 153  -1
149 151 153 142  -1
184  -1
211  -1
143 211  -1
143 211  -1
143 211  -1
143  -1
211  -1
211  -1
137  -1
134  -1
139  -1
139 15 137  -1
131  -1
132  -1
133  -1
135  -1
137  -1
130  -1
136  -1
140  -1
15 184  -1
174 184  -1
1140 1150  -1
1150  -1
1150  -1
15 225  -1
15 225  -1
212  -1
1005 101 142  -1
15 225 286 284 287  -1
286 284 287  -1
209 210  -1
209 210  -1
144  -1
144  -1
15 144  -1
15 144 228  -1
144 15 115  -1
15 137  -1
115  -1
144  -1
209  -1
144 209  -1
142  -1
142  -1
142  -1
142  -1
142  -1
142  -1
142  -1
142  -1
142  -1
142  -1
142  -1
142  -1
142  -1
142  -1
142  -1
142  -1
142  -1
142  -1
142  -1
142  -1
142  -1
142  -1
142  -1
142  -1
220  -1
1140 39 43 1150  -1
42  -1
161  -1
161  -1
161  -1
161  -1
161  -1
206  -1
142  -1
15 264  -1
142 73 55 134  -1
142 73 55 61  -1
73 55 61  -1
54  -1
142 134  -1
45  -1
139 142  -1
142 134  -1
209 260  -1
260  -1
260  -1
1142 1148 1149 1146 1143 1139  -1
1140 1149 1146  -1
142  -1
142  -1
142  -1
142  -1
142  -1
142  -1
142  -1
142  -1
142  -1
142  -1
142  -1
142  -1
142  -1
142  -1
142  -1
142  -1
142  -1
142  -1
142  -1
142  -1
142  -1
142  -1
142  -1
142  -1
142  -1
142  -1
142  -1
142  -1
142  -1
15 18 268  -1
142  -1
142  -1
142  -1
187  -1
187  -1
209 163 187 161  -1
161  -1
161 187  -1
161 187  -1
161  -1
161  -1
161  -1
161  -1
161  -1
73  -1
143  -1
143  -1
143  -1
143  -1
143  -1
143  -1
143  -1
143  -1
143  -1
143  -1
143  -1
143  -1
143  -1
143  -1
143  -1
143  -1
143  -1
143  -1
143  -1
143  -1
143  -1
143  -1
143  -1
143  -1
143  -1
143  -1
209 161 180 187 206 163 166  -1
142  -1
74  -1
187  -1
187  -1
187  -1
187 206  -1
187 206  -1
142  -1
190 161  -1
100 161  -1
161 163  -1
161 163  -1
161 163  -1
161 163  -1
161 163  -1
161 163  -1
144  -1
39 1150 1140  -1
142  -1
144  -1
263  -1
184  -1
161  -1
161  -1
161  -1
161  -1
187 161  -1
187 161  -1
100 184 187  -1
188  -1
188  -1
161  -1
187  -1
161  -1
161  -1
161  -1
161  -1
161  -1
161  -1
161  -1
161 190  -1
161  -1
161 190  -1
161 190  -1
161  -1
190 161  -1
190 161  -1
142  -1
144  -1
178  -1
73  -1
190 161  -1
1142 1139 1149 1148 1159 1162 1160 1161 1179  -1
178  -1
161  -1
162  -1
161  -1
162  -1
187  -1
188  -1
206  -1
207  -1
163  -1
164  -1
166  -1
167  -1
190  -1
192  -1
190  -1
142  -1
261  -1
1149 1140  -1
144  -1
15 184  -1
174 184  -1
1142  -1
1148  -1
1146  -1
1150  -1
1149  -1
1146  -1
178 100  -1
178  -1
179  -1
162  -1
188  -1
207  -1
164  -1
161  -1
187  -1
206  -1
163  -1
187  -1
161  -1
182  -1
202  -1
161  -1
15  -1
21  -1
426  -1
161  -1
161  -1
161  -1
161  -1
161  -1
178  -1
190  -1
209 260  -1
260  -1
260  -1
1142 1148 1149 1146 1143 1139  -1
178  -1
100 178  -1
100 178  -1
266  -1
266  -1
264  -1
184  -1
178  -1
178  -1
142  -1
142  -1
142  -1
142  -1
142  -1
178  -1
264 196  -1
264 195  -1
178  -1
161  -1
162  -1
161  -1
162  -1
187  -1
188  -1
206  -1
207  -1
163  -1
164  -1
166  -1
167  -1
190  -1
192  -1
190  -1
178 201 15 211  -1
268 274 158  -1
158  -1
995 158  -1
1072 158  -1
1017 1034 1031 1036 1032 1033 1019  -1
170  -1
170 132  -1
170 132  -1
162 188 207 164  -1
162 188 207 164  -1
162 188 207 164  -1
162 188 207 164  -1
162 188 207 164  -1
162 188 207 164  -1
162 188 207 164  -1
162 188 207 164  -1
162 188 207 164  -1
162 188 207 164  -1
162 188 207 164  -1
162 188 207 164  -1
162 188 207 164  -1
162 188 207 164  -1
162 188 207 164  -1
162 188 207 164  -1
162 188 207 164  -1
162 188 207 164  -1
161 260 184  -1
161  -1
142  -1
142  -1
142  -1
142  -1
142  -1
142  -1
142  -1
142  -1
142  -1
142  -1
142  -1
142  -1
142  -1
142  -1
142  -1
142  -1
142  -1
142  -1
142  -1
142  -1
178 206 187 161 163 201 15 268 274  -1
178 201 15 268 274  -1
206 187 161 163  -1
170 132  -1
170 132  -1
106  -1
106  -1
106  -1
106  -1
106  -1
106  -1
106  -1
106  -1
106  -1
106  -1
106  -1
178  -1
178  -1
178  -1
178  -1
178  -1
178  -1
178  -1
196  -1
196  -1
196  -1
195  -1
196  -1
195  -1
196  -1
196  -1
196  -1
195  -1
196  -1
195  -1
196  -1
196  -1
196  -1
195  -1
196  -1
195  -1
196  -1
196  -1
196  -1
195  -1
196  -1
195  -1
196  -1
196  -1
196  -1
195  -1
196  -1
195  -1
196  -1
196  -1
195  -1
195  -1
196  -1
195  -1
163  -1
163  -1
206  -1
163  -1
163  -1
163  -1
163  -1
163  -1
163  -1
163  -1
163  -1
163  -1
163  -1
163  -1
163  -1
163  -1
163  -1
163  -1
163  -1
163  -1
163  -1
142  -1
144  -1
73  -1
74  -1
178 201 15  -1
268 274 158  -1
158  -1
995 158  -1
1072 158  -1
1017 1019  -1
170  -1
170 132  -1
170 132  -1
162 188 207 164  -1
162 188 207 164  -1
162 188 207 164  -1
162 188 207 164  -1
162 188 207 164  -1
162 188 207 164  -1
162 188 207 164  -1
162 188 207 164  -1
162 188 207 164  -1
162 188 207 164  -1
162 188 207 164  -1
162 188 207 164  -1
162 188 207 164  -1
162 188 207 164  -1
162 188 207 164  -1
162 188 207 164  -1
162 188 207 164  -1
162 188 207 164  -1
457  -1
286 284  -1
286  -1
132  -1
1140 262  -1
1250 1252  -1
1140 133  -1
1140 133  -1
145  -1
262  -1
264 165  -1
264 165  -1
165 183  -1
165 183  -1
165 195  -1
165 196  -1
165 196  -1
165 196  -1
165 191  -1
165 191  -1
165 178  -1
264  -1
209  -1
209  -1
178  -1
161  -1
162  -1
190  -1
187  -1
188  -1
192  -1
206  -1
207  -1
163  -1
164  -1
166  -1
167  -1
178  -1
206  -1
206  -1
190 161  -1
190 161  -1
190 161  -1
190 161  -1
190 161  -1
190 161  -1
190 161  -1
190 161  -1
161 190  -1
161  -1
190 161  -1
190 161  -1
190 161  -1
190 161  -1
190 161  -1
206 187  -1
190 161  -1
190 161  -1
100 184  -1
100 184  -1
161 263 15 115 175 184  -1
144 15 225  -1
100 184  -1
1140 1141 1149  -1
235 249 15 144  -1
235 249 15 144  -1
144  -1
15  -1
15  -1
142  -1
184 187  -1
184 187  -1
209  -1
184  -1
73  -1
262  -1
220 225 115  -1
1089 286  -1
1089  -1
286  -1
266  -1
264  -1
197  -1
191  -1
187 190 161  -1
209 144 111  -1
209  -1
144 111  -1
15  -1
1148  -1
21 1149  -1
426  -1
1148  -1
209  -1
212  -1
209  -1
211  -1
209  -1
178  -1
190  -1
192  -1
190 161  -1
190 162  -1
163  -1
164  -1
166  -1
167  -1
192 187  -1
192 188  -1
206  -1
207  -1
192 187  -1
192 188  -1
192 188  -1
192  -1
192 188  -1
192  -1
192 188  -1
192  -1
192 188  -1
192  -1
192 188  -1
192  -1
192 188  -1
192  -1
187  -1
188  -1
206  -1
207  -1
207  -1
207  -1
207  -1
207  -1
207  -1
207  -1
206  -1
207  -1
163  -1
164  -1
164  -1
164  -1
164  -1
164  -1
164  -1
164  -1
163  -1
164  -1
166  -1
167  -1
167  -1
167  -1
167  -1
167  -1
167  -1
167  -1
166  -1
167  -1
190 161  -1
190 162  -1
190 162  -1
190  -1
190 162  -1
190  -1
190 162  -1
190  -1
190 162  -1
190  -1
190 162  -1
190  -1
190 162  -1
190  -1
161  -1
162  -1
211  -1
210  -1
211  -1
104  -1
1256  -1
1256  -1
209  -1
142  -1
212  -1
100  -1
100  -1
210  -1
142 100  -1
142 102 209  -1
455  -1
73  -1
142  -1
142  -1
142  -1
142  -1
142  -1
142  -1
142  -1
142  -1
142  -1
142  -1
142  -1
142  -1
142  -1
142  -1
142  -1
142  -1
142  -1
142  -1
211  -1
142  -1
211 142  -1
143  -1
184 187  -1
187  -1
184 211 187  -1
184  -1
187  -1
211  -1
209  -1
211 142  -1
211 142  -1
1279  -1
1279  -1
211  -1
211  -1
209  -1
209  -1
209  -1
142 210  -1
209  -1
209  -1
142 209  -1
209  -1
209  -1
209  -1
211  -1
104 214  -1
211 142  -1
210  -1
210  -1
209  -1
209  -1
211  -1
211  -1
209  -1
209  -1
178 187  -1
166  -1
163  -1
161  -1
163  -1
163  -1
209  -1
142  -1
142  -1
142  -1
142  -1
142  -1
142  -1
142  -1
142  -1
142  -1
142  -1
142  -1
142  -1
142  -1
142  -1
142  -1
142  -1
142  -1
142  -1
209  -1
142 144 116 15 225 209  -1
142 144 116 225  -1
405 209  -1
209  -1
209 286  -1
286 284  -1
209  -1
178 210  -1
209  -1
209  -1
209  -1
209  -1
209  -1
111  -1
111  -1
212  -1
209 161 286 187  -1
211  -1
197  -1
191  -1
209  -1
142  -1
209  -1
211  -1
178 201 15 211  -1
268 274 158  -1
158  -1
995 158  -1
1072 158  -1
1017 1034 1031 1036 1032 1033 1019  -1
170  -1
170 132  -1
170 132  -1
162 188 207 164  -1
162 188 207 164  -1
162 188 207 164  -1
162 188 207 164  -1
162 188 207 164  -1
162 188 207 164  -1
162 188 207 164  -1
162 188 207 164  -1
162 188 207 164  -1
162 188 207 164  -1
162 188 207 164  -1
162 188 207 164  -1
162 188 207 164  -1
162 188 207 164  -1
162 188 207 164  -1
162 188 207 164  -1
162 188 207 164  -1
162 188 207 164  -1
209  -1
104 208  -1
100 209  -1
102  -1
210  -1
144 100  -1
209  -1
210  -1
210  -1
210  -1
144  -1
142  -1
142  -1
142  -1
142  -1
142  -1
142  -1
142  -1
142  -1
142  -1
142  -1
142  -1
142  -1
142  -1
142  -1
142  -1
142  -1
142  -1
142  -1
142  -1
142  -1
142  -1
142  -1
142  -1
142  -1
142  -1
144 209  -1
178 161 187  -1
163  -1
161  -1
161  -1
161  -1
161  -1
161  -1
161  -1
206  -1
211  -1
100 184 178 220 116  -1
100 184 178  -1
209  -1
211  -1
209  -1
209  -1
166  -1
163  -1
206  -1
187  -1
161  -1
104 214 178 187  -1
209 406 104 1052  -1
209  -1
211  -1
211  -1
211  -1
211  -1
184 178 187  -1
205 187  -1
184 178 187  -1
210  -1
210  -1
211  -1
210  -1
209  -1
209  -1
178  -1
190  -1
192  -1
190 161  -1
190 162  -1
163  -1
164  -1
166  -1
167  -1
192 187  -1
192 188  -1
206  -1
207  -1
192 187  -1
192 188  -1
192 188  -1
192  -1
192 188  -1
192  -1
192 188  -1
192  -1
192 188  -1
192  -1
192 188  -1
192  -1
192 188  -1
192  -1
187  -1
188  -1
206  -1
207  -1
207  -1
207  -1
207  -1
207  -1
207  -1
207  -1
206  -1
207  -1
163  -1
164  -1
164  -1
164  -1
164  -1
164  -1
164  -1
164  -1
163  -1
164  -1
166  -1
167  -1
167  -1
167  -1
167  -1
167  -1
167  -1
167  -1
166  -1
167  -1
190 161  -1
190 162  -1
190 162  -1
190  -1
190 162  -1
190  -1
190 162  -1
190  -1
190 162  -1
190  -1
190 162  -1
190  -1
190 162  -1
190  -1
161  -1
162  -1
211  -1
209  -1
209  -1
1279 286 144 111  -1
286 144 111  -1
211 144  -1
209 187  -1
211  -1
211  -1
211  -1
211  -1
211  -1
111  -1
211  -1
209  -1
209 142  -1
209 144 15 225  -1
209  -1
211  -1
211  -1
15 150 144 142  -1
209  -1
209  -1
77 1135 1200 214  -1
214  -1
77 1135 1200 214  -1
77 1135 1200 214  -1
1200  -1
209  -1
211 142  -1
211 142  -1
142  -1
174  -1
190 161  -1
192 187  -1
206  -1
163  -1
166  -1
178 167  -1
178 167  -1
211  -1
209 142  -1
178 211 161  -1
187  -1
187  -1
161  -1
162  -1
163  -1
164  -1
166  -1
167  -1
187  -1
188  -1
206  -1
207  -1
209  -1
209  -1
209  -1
1140  -1
1140  -1
211  -1
211  -1
211  -1
1140 1141 1142  -1
1140 1141 1142  -1
209  -1
142 144  -1
142 144  -1
142 144  -1
144  -1
209  -1
209  -1
220 225  -1
225  -1
225  -1
210 144  -1
144  -1
211 142  -1
142  -1
211  -1
211  -1
102 1237  -1
142 211  -1
209 144 119 117 120  -1
209  -1
178 211  -1
161  -1
161  -1
161  -1
161  -1
161  -1
161  -1
161  -1
161  -1
161  -1
161  -1
161  -1
161  -1
163  -1
163  -1
163  -1
163  -1
163  -1
163  -1
163  -1
163  -1
166  -1
187  -1
187  -1
187  -1
187  -1
187  -1
187  -1
187  -1
187  -1
206  -1
206  -1
206  -1
206  -1
206  -1
206  -1
206  -1
206  -1
211  -1
211  -1
209  -1
209  -1
209  -1
111  -1
111  -1
142  -1
142  -1
211  -1
209  -1
143  -1
142  -1
211 142  -1
211  -1
209 187  -1
209  -1
209 10  -1
212  -1
212  -1
144  -1
144  -1
111  -1
209  -1
209  -1
209  -1
209  -1
209  -1
209  -1
209  -1
406 211  -1
211  -1
210  -1
209  -1
209 161  -1
161 187  -1
187  -1
187  -1
161  -1
163  -1
161 163  -1
161  -1
161  -1
161  -1
161  -1
187 161  -1
209 161  -1
161  -1
161  -1
15  -1
106  -1
209  -1
209  -1
211  -1
178 209  -1
187  -1
187  -1
209  -1
209  -1
209 142  -1
211 142  -1
209 187  -1
187  -1
187  -1
187  -1
187  -1
187  -1
187  -1
187  -1
187  -1
187  -1
187  -1
187  -1
187  -1
187  -1
187  -1
187  -1
187  -1
187  -1
187  -1
187  -1
187  -1
187  -1
187  -1
187  -1
209 286  -1
286 284  -1
213  -1
210 144  -1
210 144  -1
211  -1
210  -1
209 406 175 1052  -1
209  -1
163 161 187  -1
209 187  -1
163 161 187  -1
163 187  -1
163 187  -1
209  -1
210  -1
209  -1
187  -1
206  -1
187  -1
209 178  -1
142  -1
142  -1
142  -1
142  -1
142  -1
142  -1
142  -1
142  -1
142  -1
142  -1
142  -1
142  -1
142  -1
142  -1
142  -1
142  -1
142  -1
142  -1
142  -1
142  -1
142  -1
142  -1
142  -1
142  -1
142  -1
142  -1
142  -1
142  -1
142  -1
210  -1
209  -1
211  -1
209  -1
161  -1
212  -1
209  -1
212  -1
212  -1
212 184  -1
212 184  -1
212 184 196  -1
212 184 195  -1
212 184 195  -1
212 184 196  -1
209  -1
112 209  -1
209  -1
1271 211  -1
110  -1
209  -1
209  -1
209  -1
209  -1
142 209  -1
142 209  -1
211  -1
100  -1
211  -1
100  -1
209  -1
209  -1
209  -1
144 209 142  -1
211  -1
142  -1
142  -1
142  -1
142  -1
142  -1
209  -1
224 144 15  -1
111  -1
144 142  -1
15 150 144  -1
15 150 142  -1
209 142  -1
146  -1
146  -1
211 178 187  -1
211 178 187  -1
211  -1
209  -1
209 187 161  -1
211  -1
211  -1
178  -1
211 100  -1
165  -1
187  -1
187  -1
187  -1
187  -1
187  -1
209 187  -1
187  -1
209 142  -1
209 142  -1
210 142  -1
142  -1
142  -1
209 144  -1
209 144  -1
209 144  -1
209 144  -1
211  -1
100 184 178 220 116  -1
100 184 178  -1
209  -1
111  -1
111  -1
209 142  -1
209 142  -1
1279  -1
211  -1
104 211  -1
104 211  -1
104 211  -1
104 211  -1
104 211  -1
209  -1
209  -1
211  -1
209 15 225  -1
211 142  -1
211  -1
209  -1
209 142  -1
209 142  -1
77 214  -1
98  -1
209  -1
209 143  -1
211  -1
211  -1
142 74  -1
211  -1
209  -1
209  -1
209  -1
209  -1
209 184 161 187 206 163 162 188 207 164 205  -1
209  -1
184 161 187 206 163 162 188 207 164 205  -1
1272 210  -1
1272 210  -1
1272 210  -1
144  -1
209  -1
209 142  -1
211  -1
211  -1
209  -1
209  -1
211 144 142  -1
144  -1
1140 1142 1149  -1
1140 1142 1149  -1
1140 1142 1149  -1
1140 1142 1149  -1
211 144  -1
142  -1
142  -1
142  -1
142  -1
142  -1
142  -1
142  -1
142  -1
142  -1
142  -1
142  -1
142  -1
142  -1
142  -1
142  -1
142  -1
142  -1
142  -1
142  -1
142  -1
142  -1
142  -1
142  -1
142  -1
142  -1
142  -1
142  -1
142  -1
142  -1
142  -1
142 209  -1
142 209  -1
142 209  -1
142 209  -1
210 142  -1
211  -1
211  -1
211  -1
100 187 206  -1
211  -1
112  -1
142 73  -1
142  -1
142 15 137  -1
142 138 17  -1
142 15 116  -1
142 15 269 276  -1
142 15 150  -1
142  -1
142  -1
142  -1
100 211  -1
110  -1
112  -1
73  -1
15 137  -1
138 17  -1
209  -1
209  -1
178  -1
190  -1
192  -1
190 161  -1
190 162  -1
163  -1
164  -1
166  -1
167  -1
192 187  -1
192 188  -1
206  -1
207  -1
192 187  -1
192 188  -1
192 188  -1
192  -1
192 188  -1
192  -1
192 188  -1
192  -1
192 188  -1
192  -1
192 188  -1
192  -1
192 188  -1
192  -1
187  -1
188  -1
206  -1
207  -1
207  -1
207  -1
207  -1
207  -1
207  -1
207  -1
206  -1
207  -1
163  -1
164  -1
164  -1
164  -1
164  -1
164  -1
164  -1
164  -1
163  -1
164  -1
166  -1
167  -1
167  -1
167  -1
167  -1
167  -1
167  -1
167  -1
166  -1
167  -1
190 161  -1
190 162  -1
190 162  -1
190  -1
190 162  -1
190  -1
190 162  -1
190  -1
190 162  -1
190  -1
190 162  -1
190  -1
190 162  -1
190  -1
161  -1
162  -1
211  -1
209  -1
211  -1
211 175 178  -1
161  -1
162  -1
161  -1
162  -1
187  -1
188  -1
187  -1
188  -1
206  -1
207  -1
206  -1
207  -1
163  -1
164  -1
163  -1
164  -1
164  -1
211  -1
210  -1
100  -1
211 142  -1
143  -1
209  -1
211  -1
211  -1
211  -1
209  -1
211  -1
211  -1
211  -1
211  -1
209  -1
209  -1
211  -1
209  -1
206  -1
207  -1
163  -1
164  -1
161  -1
162  -1
166  -1
167  -1
187  -1
188  -1
163  -1
161  -1
178 206 187 161 163 201 15 268 274  -1
178 201 15 268 274  -1
206 187 161 163  -1
211  -1
1279 142  -1
142  -1
142  -1
142  -1
142  -1
142  -1
178 201 15  -1
268 274 158  -1
158  -1
995 158  -1
1072 158  -1
1017 1019  -1
170  -1
170 132  -1
170 132  -1
162 188 207 164  -1
162 188 207 164  -1
162 188 207 164  -1
162 188 207 164  -1
162 188 207 164  -1
162 188 207 164  -1
162 188 207 164  -1
162 188 207 164  -1
162 188 207 164  -1
162 188 207 164  -1
162 188 207 164  -1
162 188 207 164  -1
162 188 207 164  -1
162 188 207 164  -1
162 188 207 164  -1
162 188 207 164  -1
162 188 207 164  -1
162 188 207 164  -1
15 74  -1
15 74  -1
15 74  -1
15 74  -1
211  -1
211  -1
112  -1
142 73  -1
142  -1
142 15 137  -1
142 138 17  -1
142 15 116  -1
142 15 269 276  -1
142 15 150  -1
142  -1
142  -1
142  -1
142 225 227 269  -1
142 15 225 227 269  -1
111  -1
15 269 274 276 144 225 142  -1
142  -1
15 269 274 276 144 225 142  -1
178 201 192 187  -1
190 161  -1
161 187  -1
166  -1
205  -1
178 201 192 187  -1
211  -1
406  -1
406 440  -1
210  -1
15 269 276 274  -1
15 268 274 276  -1
133  -1
209 15 268 276 274 144  -1
411  -1
411  -1
411  -1
411  -1
411  -1
411  -1
411  -1
411  -1
411  -1
411  -1
411  -1
411  -1
411  -1
411  -1
142 15 268  -1
212  -1
142  -1
15 269 274 275 184 263 203 178  -1
211  -1
100 184 178 220 116  -1
100 184 178  -1
166  -1
163  -1
206  -1
187  -1
161  -1
104 214 178 187  -1
178 201 15 211  -1
268 274 158  -1
158  -1
995 158  -1
1072 158  -1
1017 1034 1031 1036 1032 1033 1019  -1
170  -1
170 132  -1
170 132  -1
162 188 207 164  -1
162 188 207 164  -1
162 188 207 164  -1
162 188 207 164  -1
162 188 207 164  -1
162 188 207 164  -1
162 188 207 164  -1
162 188 207 164  -1
162 188 207 164  -1
162 188 207 164  -1
162 188 207 164  -1
162 188 207 164  -1
162 188 207 164  -1
162 188 207 164  -1
162 188 207 164  -1
162 188 207 164  -1
162 188 207 164  -1
162 188 207 164  -1
211  -1
211  -1
209 15 225 139  -1
209  -1
15 225 139  -1
134  -1
178 201 192 187  -1
190 161  -1
161 190 187  -1
166  -1
205  -1
178 201 192 187  -1
211  -1
211  -1
211  -1
142  -1
142  -1
142  -1
142  -1
142  -1
142  -1
142  -1
142  -1
142  -1
142  -1
142  -1
142  -1
142  -1
142  -1
142  -1
142  -1
142  -1
142  -1
142  -1
142  -1
142  -1
142  -1
142  -1
142  -1
142  -1
142  -1
142  -1
142  -1
142  -1
15 18 268  -1
142  -1
142  -1
142  -1
211  -1
211  -1
238  -1
1090 144  -1
238  -1
238  -1
238  -1
211 142  -1
142  -1
211  -1
142 15 268 274  -1
16 276 274  -1
270  -1
142 267 274 276  -1
267 142 274 276  -1
211  -1
143  -1
142  -1
211 142  -1
211  -1
211  -1
142 15 268 274 276  -1
209 142 117 120  -1
209 142 117 120  -1
142 117 120  -1
142 117 120  -1
209 142 117 120  -1
267  -1
270  -1
274  -1
271  -1
276  -1
112  -1
142 73  -1
142  -1
142 15 137  -1
142 138 17  -1
142 15 116  -1
142 15 269 276  -1
142 15 150  -1
142  -1
142  -1
142  -1
211  -1
142 134  -1
142 119  -1
142 55 261  -1
142 134  -1
145  -1
220 62 116  -1
220 62 116  -1
220  -1
62 268 274 272  -1
406 440  -1
178 206 187 161 163 201 15 268 274  -1
178 201 15 268 274  -1
206 187 161 163  -1
170 132  -1
170 132  -1
92  -1
92  -1
92 73  -1
92  -1
161  -1
220 225 161  -1
161  -1
161  -1
220 225 263  -1
220 225 263  -1
220 225 115  -1
1279  -1
1279  -1
220 225 15 101 144  -1
15 116 101 144  -1
15 116 101 144  -1
220 225 15 101 144  -1
220 236 238  -1
187  -1
187  -1
198 220  -1
198  -1
220 116 120  -1
220 116 120  -1
220 116 120  -1
262  -1
220 225 115  -1
142 220 237  -1
144 220  -1
220  -1
1140 39 43 1150  -1
42  -1
211  -1
100 184 178 220 116  -1
100 184 178  -1
144 1201 77 208  -1
87  -1
209  -1
111 220  -1
220 236  -1
184 220 237  -1
220 144  -1
226  -1
220 225  -1
225  -1
225  -1
100 184 220 116  -1
142 220 226  -1
220 116  -1
116  -1
220 225  -1
144 220 225  -1
39  -1
144 220 225  -1
220 62 116  -1
220 62 116  -1
220  -1
62 268 274 272  -1
1153  -1
1152 1154  -1
144 142  -1
115  -1
142  -1
142  -1
1237 220 225  -1
406 139 331  -1
406 139 331  -1
100 184  -1
1201 1273 1135  -1
1142 1141 1148 1140 1149 1150  -1
1142 1141 1148 1149 1150  -1
1142 1141 1148 1149 1150  -1
1142 1141 1148 1149 1150  -1
1142 1141 1148 1149 1150  -1
426 406  -1
406  -1
427 1155 431 430 1150  -1
431 430 1150  -1
411 1140 1146 1149 1178  -1
411  -1
1149 1140  -1
1146 1139 1141 1147 1148 1150 1140  -1
1142 1141 142  -1
142 170 181  -1
39  -1
142  -1
1142  -1
15  -1
39  -1
39  -1
1140 1142 1149 1178  -1
1140  -1
1149  -1
259  -1
1140 259  -1
1152 1154  -1
1153  -1
1154  -1
1142 1141 142  -1
142 170 181  -1
1208  -1
1142  -1
144  -1
15  -1
1140 39  -1
1140 1141  -1
130  -1
130  -1
1140  -1
104  -1
73 1213 1212 1214  -1
104  -1
104  -1
104  -1
1152  -1
142 110  -1
142 110  -1
1142  -1
39  -1
77 79 103  -1
87  -1
93  -1
84  -1
83  -1
86  -1
87  -1
88  -1
92  -1
82  -1
98  -1
98  -1
89  -1
95  -1
197  -1
191  -1
1140 1139 1160 1161 1146  -1
807  -1
1141 1146 1143 1148 1140 1139 571 1149 528  -1
1142 1139 1149 1148 1159 1162 1160 1161 1179  -1
408  -1
408  -1
408 377  -1
1147 1148 1140 1143 1146  -1
1144  -1
1139 1162 1161 1160 408  -1
408  -1
1139  -1
1141  -1
209 260  -1
260  -1
260  -1
1142 1148 1149 1146 1143 1139  -1
1158 1160 1162 1161  -1
1159 1161  -1
1158  -1
1158  -1
1158  -1
1158  -1
1140 1139 1160 1161  -1
1140 133  -1
1140 133  -1
145  -1
262  -1
1140 133  -1
1140 133  -1
145  -1
262  -1
187  -1
112 100 144 211  -1
112 100 144 211  -1
141  -1
77 79 103  -1
87  -1
93  -1
84  -1
83  -1
86  -1
87  -1
88  -1
92  -1
82  -1
98  -1
98  -1
89  -1
95  -1
108  -1
1140 133  -1
1140 133  -1
145  -1
262  -1
105  -1
106  -1
108  -1
100 211  -1
110  -1
11 10  -1
108  -1
145  -1
105  -1
110  -1
104 1167 1170  -1
104 1170 1164 1173  -1
105  -1
1173  -1
1170 1164  -1
104  -1
1256  -1
1256  -1
1173 134 119  -1
104  -1
1170  -1
112 104 1256 1278 1170  -1
112 104 1256 1275 1170  -1
112 104 214 1170  -1
1168  -1
1172  -1
1168  -1
1168  -1
1168  -1
1168  -1
1168  -1
1168  -1
1168  -1
1201 77  -1
142  -1
142  -1
142  -1
142  -1
142  -1
142  -1
142  -1
142  -1
142  -1
142  -1
142  -1
142  -1
142  -1
142  -1
142  -1
142  -1
142  -1
142  -1
142  -1
142  -1
142  -1
142  -1
142  -1
142  -1
142  -1
142  -1
142  -1
142  -1
142  -1
1279 142  -1
142  -1
142  -1
142  -1
142  -1
142  -1
1168  -1
1256 1168  -1
1256  -1
1168  -1
1168  -1
1168 1172  -1
142  -1
25  -1
77 1237  -1
100  -1
104 1173 15 105  -1
15 105  -1
104 1173  -1
134  -1
1170 1173  -1
73 104 1164 405  -1
77 79 103  -1
87  -1
93  -1
84  -1
83  -1
86  -1
87  -1
88  -1
92  -1
82  -1
98  -1
98  -1
89  -1
95  -1
1167 1164  -1
142  -1
142  -1
142  -1
142  -1
142  -1
142  -1
142  -1
142  -1
142  -1
142  -1
142  -1
142  -1
142  -1
142  -1
142  -1
142  -1
142  -1
142  -1
142  -1
142  -1
142  -1
142  -1
142  -1
142  -1
142  -1
142  -1
142  -1
142  -1
142  -1
15 18 268  -1
142  -1
142  -1
142  -1
15 150 144 142  -1
77 1135 1200 214  -1
214  -1
77 1135 1200 214  -1
77 1135 1200 214  -1
1200  -1
104  -1
110 106  -1
1167  -1
1167 1165  -1
479  -1
110 106  -1
110 106  -1
111  -1
111  -1
112 1270  -1
112 1270  -1
112 1270  -1
110 105  -1
104  -1
1201 77  -1
104  -1
110 106  -1
1167  -1
1167 1165  -1
110 106  -1
110 106  -1
15 102 101  -1
1148 339 1140 1141 1146 1143 1150  -1
339  -1
282  -1
1140  -1
21  -1
21  -1
1142  -1
178  -1
178  -1
1142 1150  -1
1149 1179  -1
1142 1139 1149 1148 1159 1162 1160 1161 1179  -1
1140 1146 1149  -1
1140  -1
137  -1
134  -1
139  -1
137  -1
131  -1
132  -1
133  -1
135  -1
137  -1
130  -1
136  -1
140  -1
1142  -1
142 180 1138  -1
408  -1
408  -1
408 377  -1
1147 1148 1140 1143 1146  -1
1144  -1
1139 1162 1161 1160 408  -1
408  -1
1139  -1
1141  -1
1140 1149 1146  -1
1149 1140 39 1179  -1
377 1140 1146 1141 1148 1149 1150 1178  -1
406  -1
411  -1
1142  -1
16 406  -1
1142 1139 1140 1149  -1
406  -1
406  -1
16  -1
1140 1141 406  -1
1141 406  -1
1146 1139 1141 1147 1148 1150 1140  -1
209 260  -1
260  -1
260  -1
1142 1148 1149 1146 1143 1139  -1
1140 1139 1149 1142  -1
1139  -1
1140 1141 1148 1139 1159 1162 1160 1161 1142  -1
1140 261 1148 1146 262  -1
1150  -1
142  -1
142 1138 1139  -1
260  -1
260 381  -1
260  -1
260  -1
39 1149  -1
1142 1141 1148 1140 1149 1150  -1
1142 1141 1148 1149 1150  -1
1142 1141 1148 1149 1150  -1
1142 1141 1148 1149 1150  -1
1142 1141 1148 1149 1150  -1
1140  -1
106  -1
106  -1
1142  -1
1142  -1
1142  -1
1142  -1
1142  -1
1142  -1
1140 1142  -1
1140 1142  -1
1146 1141  -1
142 110  -1
142 110  -1
1142  -1
1142 1141  -1
1140 1146 1150  -1
39  -1
1142 1139 1141 1140 1150  -1
1141 1140 1142  -1
1140 1142 1149 1178  -1
142  -1
142 1138 1139  -1
211 144 142  -1
144  -1
1140 1142 1149  -1
1140 1142 1149  -1
1140 1142 1149  -1
1140 1142 1149  -1
211 144  -1
142  -1
143 1237  -1
1140 262  -1
144  -1
144  -1
15  -1
1140 1142 1149  -1
1140 133  -1
1140 133  -1
145  -1
262  -1
1140 1142 1149  -1
105  -1
100 144 224  -1
100 144 224  -1
1150  -1
1150  -1
406 411  -1
155  -1
155 408  -1
39  -1
1140 1142  -1
1140  -1
1208  -1
15 268 274 276  -1
133  -1
10  -1
1142  -1
144 142  -1
131  -1
132  -1
1141 1146 1140 133  -1
136  -1
130  -1
138  -1
134  -1
140  -1
135  -1
137  -1
139  -1
381  -1
39 1149 1140  -1
259  -1
178 158  -1
178 199  -1
382  -1
382  -1
382  -1
1140 1139 1160 1161  -1
39  -1
1139  -1
144  -1
144  -1
1146  -1
144  -1
144  -1
15  -1
1140  -1
1140  -1
1140  -1
406 411 408  -1
406 411 408  -1
406 411  -1
408  -1
39 1140 1149 1179  -1
1179  -1
807  -1
1141 1146 1143 1148 1140 1139 571 1149 528  -1
1141 1140 1142  -1
1140  -1
15  -1
144  -1
144  -1
144  -1
144  -1
15  -1
1140 39  -1
1140 1141  -1
1140 1141 1142 1149  -1
142  -1
142  -1
142  -1
142  -1
442  -1
441  -1
441  -1
438  -1
440 441  -1
1140 133  -1
1140 133  -1
145  -1
262  -1
1140  -1
101 144  -1
15  -1
1148  -1
21 1149  -1
426  -1
1148  -1
1142 1141  -1
108  -1
1152  -1
137  -1
134  -1
139  -1
137  -1
131  -1
132  -1
133  -1
135  -1
137  -1
130  -1
136  -1
140  -1
108  -1
323  -1
457  -1
16 18  -1
17  -1
1141 142 1148 1142 1143 1140 1149  -1
1139  -1
1141 142 1148 1143 1140 1149 21  -1
142  -1
1105  -1
1201 77  -1
1168 1172  -1
1201 77  -1
77  -1
103 1256 77 1273  -1
98  -1
77 1256 1275 103  -1
1201 103  -1
1201 77  -1
1273 1135  -1
106  -1
77 1256 1275 103  -1
1201 103  -1
144 1201 77 208  -1
87  -1
77 214  -1
103 105  -1
110  -1
104 1167 1170  -1
104 1170 1164 1173  -1
105  -1
1173  -1
1170 1164  -1
77  -1
175 102  -1
178 113 139 158 170  -1
113 139 178 158 200 170  -1
178 158 161 187 206 163  -1
178 158 161  -1
184 178 158 201 161  -1
184 158 161 187 206 163  -1
184 204 185 178  -1
184 204 185 178  -1
184 204 185 178  -1
178 165  -1
77 180 183 173  -1
77  -1
1256 1278  -1
77 214  -1
98  -1
87  -1
87  -1
405 1256 1273 87  -1
103 1256 77 1273  -1
98  -1
1140 1142 1149 1178  -1
142 73  -1
15  -1
1140  -1
1140  -1
426 406  -1
406  -1
427 1155 431 430 1150  -1
431 430 1150  -1
1140 1139 1160 1161  -1
1144 1146  -1
142 63  -1
110 105 134 138  -1
110 105 134 138  -1
134 138  -1
134  -1
110  -1
102 144 62  -1
100 102 62 142  -1
211 142 249  -1
211 249  -1
211 249  -1
211 249  -1
211 249  -1
145  -1
145  -1
220 62 116  -1
220 62 116  -1
220  -1
62 268 274 272  -1
220 101 178 163 206 187 161 162  -1
220 101  -1
178 163 206 187 161 162  -1
206  -1
207  -1
163  -1
164  -1
161  -1
162  -1
166  -1
167  -1
187  -1
188  -1
163  -1
161  -1
144 142  -1
115  -1
142  -1
142  -1
1250 1252  -1
39  -1
286 284  -1
211  -1
211  -1
255  -1
144 255  -1
255  -1
255  -1
144 131  -1
142  -1
144 131  -1
142  -1
142 110  -1
142 110  -1
1142  -1
1250 1252  -1
144 131  -1
142  -1
224 14 225  -1
224 225  -1
142 134  -1
142 119  -1
142 55 261  -1
142 134  -1
1208  -1
210 144  -1
210 144  -1
106  -1
106 1237  -1
106 1237  -1
143  -1
142  -1
144  -1
1148  -1
144 15 115 1214 142  -1
144 15 115 1214 142  -1
104  -1
73 1213 1212 1214  -1
104  -1
104  -1
104  -1
143 1237  -1
144 1237  -1
211  -1
102 1237  -1
112 1270  -1
112 1270  -1
112 1270  -1
110 105  -1
1237  -1
1237  -1
100  -1
142  -1
106  -1
106 1237  -1
106 1237  -1
143  -1
142  -1
144  -1
1148  -1
1237  -1
1237  -1
144 1237  -1
144 997  -1
144  -1
144  -1
144 995  -1
997 144  -1
1237  -1
142 144 1237  -1
144 1237  -1
144 997  -1
144  -1
144  -1
144 995  -1
997 144  -1
110  -1
110  -1
110  -1
142 1237 110  -1
142 110  -1
142 110  -1
142 110  -1
144 15 115 73  -1
144 15 225 73  -1
1250 1252  -1
1140 1149 1146  -1
235 249 15 144  -1
235 249 15 144  -1
144  -1
104 1173 15 236 105  -1
15 236 105  -1
104 1173  -1
220 236 238  -1
15 286 284 287  -1
286 284 287  -1
286 284 287  -1
110 144  -1
134  -1
142 15  -1
142 220 237  -1
144 220  -1
178 201 15 211  -1
268 274 158  -1
158  -1
995 158  -1
1072 158  -1
1017 1034 1031 1036 1032 1033 1019  -1
170  -1
170 132  -1
170 132  -1
162 188 207 164  -1
162 188 207 164  -1
162 188 207 164  -1
162 188 207 164  -1
162 188 207 164  -1
162 188 207 164  -1
162 188 207 164  -1
162 188 207 164  -1
162 188 207 164  -1
162 188 207 164  -1
162 188 207 164  -1
162 188 207 164  -1
162 188 207 164  -1
162 188 207 164  -1
162 188 207 164  -1
162 188 207 164  -1
162 188 207 164  -1
162 188 207 164  -1
144 15 236  -1
144  -1
144  -1
73 144  -1
144  -1
220 236  -1
184 220 237  -1
220  -1
102 144 62  -1
73  -1
144  -1
209  -1
1141  -1
1141 142  -1
15 144 142  -1
178  -1
178  -1
236 238  -1
236 238  -1
241  -1
251  -1
243  -1
236 238 243  -1
211 142 249  -1
211 249  -1
211 249  -1
211 249  -1
211 249  -1
381 41 382  -1
411 39 382 383  -1
411  -1
42  -1
442  -1
446  -1
381 41 382  -1
39 382 383  -1
42 382  -1
41 382  -1
1149 1140 39 1179  -1
184 15 286 284 287  -1
286 284 287  -1
286 284 287  -1
142 110  -1
142 110  -1
1142  -1
240 144  -1
144  -1
144  -1
246  -1
247  -1
238  -1
239  -1
133  -1
142 15  -1
142  -1
1250 1252  -1
15 236 144  -1
144  -1
144  -1
144  -1
144  -1
184 15 286 284 287  -1
286 284 287  -1
286 284 287  -1
15 142 1270  -1
15 142  -1
15 142  -1
15 142  -1
15 142  -1
15 142  -1
15  -1
1279  -1
1270  -1
1270  -1
1280 144  -1
1280 144  -1
1280 144  -1
1280  -1
1279  -1
178  -1
178 264 191  -1
178 264 195  -1
178 190  -1
178 192  -1
178 162  -1
178 188  -1
178 207  -1
178 164  -1
178 167  -1
1279  -1
142  -1
144  -1
1271  -1
1271  -1
1271  -1
1271  -1
1279  -1
112 1270  -1
112 1270  -1
112 1270  -1
110 105  -1
178 1279 206  -1
190  -1
161  -1
187  -1
206  -1
163  -1
166  -1
190  -1
192  -1
455 1280 142  -1
1270  -1
1279  -1
1279  -1
1280  -1
142  -1
112 144  -1
1279  -1
1270  -1
190 163  -1
161  -1
161  -1
161  -1
161  -1
161  -1
161  -1
161  -1
161  -1
161  -1
161  -1
161  -1
161  -1
161  -1
161  -1
161  -1
161  -1
206  -1
184 100  -1
184 100  -1
184 174 170  -1
1201 1273 1135  -1
1279  -1
100 1270  -1
100 1270  -1
100 1270  -1
161 187  -1
161 187  -1
187  -1
187  -1
161  -1
161 206  -1
161  -1
187  -1
161 187  -1
161 187  -1
187  -1
187 1270  -1
187  -1
1270  -1
1270  -1
224 144 15  -1
111  -1
144 142  -1
15 150 144  -1
15 150 142  -1
209 142  -1
146  -1
146  -1
1280  -1
1280  -1
1280  -1
1279 286 144 111  -1
286 144 111  -1
1270  -1
112 1270  -1
112 1270  -1
112 1270  -1
110 105  -1
1270 142  -1
1270 142  -1
142 111  -1
1270 142  -1
104  -1
1256  -1
1256  -1
142  -1
144  -1
144  -1
163 161  -1
161  -1
1279 142  -1
144  -1
77  -1
1256 1278  -1
87  -1
87  -1
405 1256 1273 87  -1
1271  -1
1271  -1
112 104 1256 1278 1170  -1
112 104 1256 1275 1170  -1
112 104 214 1170  -1
1168  -1
1172  -1
178 202 1279 206  -1
190  -1
161  -1
187  -1
206  -1
163  -1
166  -1
190  -1
192  -1
1279  -1
1279  -1
1280  -1
1279  -1
1270  -1
1270  -1
104 1273 1256  -1
100  -1
1280 187  -1
1280  -1
163  -1
163  -1
104  -1
104  -1
104 208  -1
144 35  -1
100 211  -1
110  -1
1270  -1
1279  -1
10  -1
10  -1
11  -1
1279  -1
1279  -1
1270  -1
1270  -1
100 142 187  -1
100 142 206  -1
100 142 163  -1
100 142 161  -1
100 142 161  -1
100 142 161  -1
100 142 161  -1
1279  -1
10  -1
10  -1
11  -1
103 1256 77 1273  -1
98  -1
406 139 331  -1
1279  -1
1280  -1
1279 142  -1
1279  -1
142 100  -1
142 102 209  -1
455  -1
73  -1
142  -1
142  -1
142  -1
142  -1
142  -1
142  -1
142  -1
142  -1
142  -1
142  -1
142  -1
142  -1
142  -1
142  -1
142  -1
142  -1
142  -1
142  -1
1279  -1
1279  -1
1279  -1
144 110 142 73  -1
144 110 142 73  -1
1270  -1
1270  -1
77 1256 1275 103  -1
1279  -1
1279  -1
143 1270  -1
104  -1
1279  -1
15 149 151 153  -1
149 151 153 142  -1
212  -1
190 161  -1
190 1280 161  -1
190 161  -1
190 161  -1
190 161  -1
190 161  -1
190 161  -1
190 161  -1
190 161  -1
1279 161 163 187 166  -1
1279  -1
111  -1
142  -1
142  -1
142  -1
142  -1
144  -1
144  -1
144  -1
147  -1
146 148  -1
148 1280 410 142  -1
211  -1
211  -1
211  -1
144 142  -1
100 1270  -1
1271  -1
1279  -1
1279  -1
1279  -1
1279  -1
1279 286 144 111  -1
286 144 111  -1
1270  -1
1270  -1
1279  -1
144 142 15 225  -1
1270  -1
1270  -1
144 142  -1
115  -1
142  -1
142  -1
1287  -1
110 105 134 138  -1
110 105 134 138  -1
134 138  -1
134  -1
110  -1
 -2
