262 257 45 (195)
1851 (178)
1837 (182)
339 (183)
97 (184)
764 (186)
457 (190)
639 (196)
46 (258)
17 15 257 45 (185)
262 251 45 (171)
735 (206)
388 (207)
567 605 557 762 (430)
934 (214)
1222 (215)
462 (215)
664 (217)
746 511 (216)
289 71 287 45 (172)
44 (219)
35 (223)
286 (229)
271 (232)
34 (233)
259 251 15 257 45 (178)
41 (240)
399 (241)
42 (241)
550 (244)
250 762 (191)
74 (254)
85 45 (183)
82 (276)
416 (287)
334 17 251 257 45 (169)
294 287 (238)
632 (302)
1224 762 (203)
135 (309)
40 45 (205)
52 45 (528)
55 45 (262)
61 257 45 (206)
81 15 45 (176)
732 740 569 557 762 (175)
334 17 15 (170)
963 972 971 511 (222)
504 507 511 (186)
1182 1224 (175)
61 87 45 (181)
294 45 (170)
258 15 (386)
252 262 87 45 (221)
269 1879 (297)
96 1879 (198)
252 17 251 15 (199)
72 45 (175)
290 278 (182)
65 45 (189)
103 45 (270)
259 17 87 251 45 (179)
81 257 45 (183)
252 87 251 45 (185)
252 262 17 87 251 (177)
90 33 (185)
17 87 251 15 (186)
33 45 (287)
85 87 (191)
252 259 17 251 257 45 (194)
79 15 (243)
262 87 15 (195)
17 87 251 257 45 (171)
249 17 257 (172)
40 103 (187)
294 87 (186)
65 278 (193)
65 89 (169)
89 45 (229)
283 89 (251)
81 15 257 (256)
81 87 (203)
410 15 (361)
81 251 (277)
259 17 251 15 257 (299)
278 89 87 (190)
61 15 257 (210)
334 251 15 (196)
252 334 17 (173)
252 17 15 257 (178)
76 81 (213)
55 81 (171)
63 81 45 (188)
52 81 (168)
262 15 257 (174)
252 334 251 (168)
103 81 (206)
61 81 45 (214)
71 81 45 (199)
410 334 251 (171)
259 17 87 15 257 (196)
343 251 (179)
71 61 (173)
63 71 (172)
63 61 45 (213)
33 71 (172)
410 45 (172)
484 259 17 257 (174)
252 259 17 87 251 257 (183)
262 17 87 257 (176)
262 17 251 257 (177)
252 251 15 257 (178)
252 262 257 (172)
79 257 (264)
410 334 17 257 (172)
249 334 251 257 (168)
334 259 17 251 257 (263)
410 259 17 251 257 (168)
83 259 17 87 257 (170)
17 257 450 (208)
278 87 450 (215)
252 262 87 450 (176)
249 450 (271)
81 450 (172)
89 87 450 (207)
87 251 450 (188)
278 89 450 (320)
482 87 450 (191)
103 450 (287)
65 87 450 (266)
439 450 (229)
1217 450 (168)
83 450 (245)
463 116 450 (181)
262 87 450 45 (168)
252 87 450 45 (168)
