284  
284  
281  
284 47  
298 229  
295 298 228  
298 228  
298  
295 298 228  
298 228  
298  
284  
284  
281  
284 47  
298 229  
311  
175 176 177  
175 176 177  
175 176 177  
175 176 177  
175 176 177  
175 176 177  
306  
306 47  
452 454  
487 213 175 284  
284  
176 454 284 452  
176 454 284 452  
347 134 420 290 443  
347 134 420 290 443  
346 303 149  
346 303 149  
346 303 149  
346 303 149  
311  
175 176 177  
175 176 177  
175 176 177  
175 176 177  
175 176 177  
175 176 177  
306  
306 47  
487 213 175 284  
284  
176 454 284 452  
176 454 284 452  
452 454  
284  
284  
281  
284 47  
298 229  
284  
284  
177 175  
175 176 177  
175 176 177  
175 176 177  
175 176 177  
175 176 177  
175 176 177  
306  
306 47  
177 175 427  
487 213 374 379  
139 179 282  
179 282  
37  
37 487 179 304  
487 179 303 383  
391 454 452 443 297 290  
284 419 297 454 452 443 290  
284  
37  
419 37 290 443  
432 433 487 179 304  
432  
432 454  
433  
433 452  
303  
303  
303  
284  
284 432 433 318  
284 432 433 318  
432 433 318  
284 432 433 318  
284 432 433 318  
290 432 433  
290 432 433  
432 433 290  
303 318  
432 433 318  
391 454 452  
391 304  
391 297  
391 304  
391 304  
391 304  
391  
304 318  
284 148 318  
119 290 443  
284 147  
454 452 487 179 304  
454 452 487 179 304  
304  
391 297  
391 297  
179 391 297  
391 297  
391 297  
280  
346 487 179 454 452  
284  
51 386  
386  
386  
386  
54 386  
487 213 374 379 42  
487 213 374 379 42  
40 139 59 51  
42  
331 110 47  
143 144  
331 110 47  
47  
385  
385  
385  
487 213 374 379 40 42 51  
284  
284  
177 175  
175 176 177  
175 176 177  
175 176 177  
175 176 177  
175 176 177  
175 176 177  
306  
306 47  
177 175 427  
487 213 374 379  
139 179 282  
179 282  
37  
37 487 179 304  
487 179 303 383  
391 454 452 443 297 290  
284 419 297 454 452 443 290  
284  
37  
419 37 290 443  
432 433 487 179 304  
432  
432 454  
433  
433 452  
303  
303  
303  
284  
284 432 433 318  
284 432 433 318  
432 433 318  
284 432 433 318  
284 432 433 318  
290 432 433  
290 432 433  
432 433 290  
303 318  
432 433 318  
391 454 452  
391 304  
391 297  
391 304  
391 304  
391 304  
391  
304 318  
284 148 318  
119 290 443  
284 147  
454 452 487 179 304  
454 452 487 179 304  
304  
391 297  
391 297  
179 391 297  
391 297  
391 297  
280  
346 487 179 454 452  
284  
51 386  
386  
386  
386  
54 386  
487 213 374 379 42  
487 213 374 379 42  
40 139 59 51  
42  
331 110 47  
143 144  
331 110 47  
47  
385  
385  
385  
374 378 379 40 42 51  
374 378 379 40 42 51  
374 378 379 40 42 51  
374 378 379 40 42 51  
487 213 374 379 40  
40  
487 213 374 379 40  
487 213 374 379 40  
487 213 175 284  
284  
176 454 284 452  
176 454 284 452  
118 134  
118 134  
420 147 290  
420 290 443  
420 290 443 147  
347 130  
347 130  
347 130  
347 487 213  
347 487 213  
347 487 213  
347 487 213  
347 487 213  
347 487 213  
347 487 213  
347 487 213  
347 487 213  
347 487 213  
347 487 213  
347 487 213  
347 487 213  
347 487 213  
213 143 290 385  
487 213 374 379 139  
487 213 374 379  
40 42 51 139  
487 213 374 379  
139 179 282  
179 282  
347 134 420 290 443  
347 134 420 290 443  
346 303 149  
346 303 149  
346 303 149  
346 303 149  
487 213 374 379 40 42 51  
134  
134  
420 147 290  
420 290 443  
420 290 443 147  
374 378 379 40 42 51  
374 378 379 40 42 51  
487 213 175 284  
284  
176 454 284 452  
176 454 284 452  
284  
51 386  
386  
386  
386  
54 386  
487 213 374 379 42  
487 213 374 379 42  
40 139 59 51  
42  
331 110 47  
143 144  
331 110 47  
47  
385  
385  
385  
177 175 427  
284  
284  
281  
284 47  
298 229  
487 213 374 379 40  
40  
487 213 374 379 40  
487 213 374 379 40  
347 40  
347 40  
177 175 427  
487 213 374 379  
139 179 282  
179 282  
346 303 149  
346 303 149  
346 303 149  
346 303 149  
487 213 374 379 40 42 51  
37  
42 51 175 331 101  
487 213 175 331 101  
143 149 454 452  
284 143 290 433 149 454 452  
175 331 101  
281 282 454  
281 282 175 331 101  
143 433 452  
143 175 331 101  
281 282 175 331 101  
284  
284  
420  
420  
420  
278  
420  
420  
487 213 374 379 40 42 51 284  
487 213 374 379 40 42 51 284  
374 378 379 40 42 51  
374 378 379 40 42 51  
374 378 379 40 42 51  
374 378 379 40 42 51  
374 378 379 40 42 51  
175 176 177  
175 176 177  
175 176 177  
175 176 177  
175 176 177  
175 176 177  
306  
306 47  
374 378 379 40 42 51  
374 378 379 40 42 51  
374 378 379 40 42 51  
374 378 379 40 42 51  
374 378 379 40 42 51  
284  
284  
374 378 379 40 42 51  
175 176 177  
175 176 177  
175 176 177  
175 176 177  
175 176 177  
175 176 177  
306  
306 47  
374 378 379 40 42 51  
374 378 379 40 42 51  
487 213 374 379 40 42 51  
284  
284  
281  
284 47  
298 229  
175 176 177  
175 176 177  
175 176 177  
175 176 177  
175 176 177  
175 176 177  
306  
306 47  
175 176 177  
175 176 177  
175 176 177  
175 176 177  
175 176 177  
175 176 177  
306  
306 47  
37  
487 213 374 379  
139 179 282  
179 282  
346 303 149  
346 303 149  
346 303 149  
346 303 149  
284  
284  
281  
284 47  
298 229  
284  
51 386  
386  
386  
386  
54 386  
487 213 374 379 42  
487 213 374 379 42  
40 139 59 51  
42  
331 110 47  
143 144  
331 110 47  
47  
385  
385  
385  
487 213 374 379 40  
40  
487 213 374 379 40  
487 213 374 379 40  
284  
284  
281  
284 47  
298 229  
284  
51 386  
386  
386  
386  
54 386  
487 213 374 379 42  
487 213 374 379 42  
40 139 59 51  
42  
331 110 47  
143 144  
331 110 47  
47  
385  
385  
385  
284  
51 386  
386  
386  
386  
54 386  
487 213 374 379 42  
487 213 374 379 42  
40 139 59 51  
42  
331 110 47  
143 144  
331 110 47  
47  
385  
385  
385  
347 40  
374 378 379 40 42 51  
284  
284  
374 378 379 40 42 51  
374 378 379 40 42 51  
374 378 379 40 42 51  
374 378 379 40 42 51  
374 378 379 40 42 51  
175 176 177  
175 176 177  
175 176 177  
175 176 177  
175 176 177  
175 176 177  
306  
306 47  
374 378 379 40 42 51  
374 378 379 40 42 51  
374 378 379 40 42 51  
374 378 379 40 42 51  
374 378 379 40 42 51  
374 378 379 40 42 51  
374 378 379 40 42 51  
374 378 379 40 42 51  
347 40  
420  
420  
420  
420  
420  
420  
487 213 374 379 40 42 51 284  
487 213 374 379 40 42 51 284  
487 213 374 379 40 42 51  
284  
284  
281  
284 47  
298 229  
284  
51 386  
386  
386  
386  
54 386  
487 213 374 379 42  
487 213 374 379 42  
40 139 59 51  
42  
331 110 47  
143 144  
331 110 47  
47  
385  
385  
385  
487 213 374 379 40  
40  
487 213 374 379 40  
487 213 374 379 40  
284  
284  
374 378 379 40 42 51  
374 378 379 40 42 51  
374 378 379 40 42 51  
374 378 379 40 42 51  
374 378 379 40 42 51  
175 176 177  
175 176 177  
175 176 177  
175 176 177  
175 176 177  
175 176 177  
306  
306 47  
284  
284  
281  
284 47  
298 229  
175 176 177  
175 176 177  
175 176 177  
175 176 177  
175 176 177  
175 176 177  
306  
306 47  
346 303 149  
346 303 149  
346 303 149  
346 303 149  
284  
51 386  
386  
386  
386  
54 386  
487 213 374 379 42  
487 213 374 379 42  
40 139 59 51  
42  
331 110 47  
143 144  
331 110 47  
47  
385  
385  
385  
175 176 177  
175 176 177  
175 176 177  
175 176 177  
175 176 177  
175 176 177  
306  
306 47  
346 303 149  
346 303 149  
346 303 149  
346 303 149  
284  
284  
346 303 149  
346 303 149  
346 303 149  
346 303 149  
284  
51 386  
386  
386  
386  
54 386  
487 213 374 379 42  
487 213 374 379 42  
40 139 59 51  
42  
331 110 47  
143 144  
331 110 47  
47  
385  
385  
385  
487 213 374 379 40  
40  
487 213 374 379 40  
487 213 374 379 40  
284  
51 386  
386  
386  
386  
54 386  
487 213 374 379 42  
487 213 374 379 42  
40 139 59 51  
42  
331 110 47  
143 144  
331 110 47  
47  
385  
385  
385  
284  
177 175  
175 176 177  
175 176 177  
175 176 177  
175 176 177  
175 176 177  
175 176 177  
175 176 177  
175 176 177  
306  
306 47  
452 454  
177 175 427  
487 213 175 284  
284  
176 454 284 452  
176 454 284 452  
213 143 290 385  
487 213 374 379 139  
487 213 374 379  
40 42 51 139  
487 213 374 379  
139 179 282  
179 282  
487 213 374 379  
139 179 282  
179 282  
37  
37 487 179 304  
487 179 303 383  
391 454 452 443 297 290  
284 419 297 454 452 443 290  
284  
37  
419 37 290 443  
432 433 487 179 304  
432  
432 454  
433  
433 452  
303  
303  
303  
284  
284 432 433 318  
284 432 433 318  
432 433 318  
284 432 433 318  
284 432 433 318  
290 432 433  
290 432 433  
432 433 290  
303 318  
432 433 318  
391 454 452  
391 304  
391 297  
391 304  
391 304  
391 304  
391  
304 318  
284 148 318  
119 290 443  
284 147  
454 452 487 179 304  
454 452 487 179 304  
304  
391 297  
391 297  
179 391 297  
391 297  
391 297  
280  
346 487 179 454 452  
295 298 228  
298 228  
298  
280  
280  
347 134 420 290 443  
347 134 420 290 443  
346 303 149  
346 303 149  
346 303 149  
346 303 149  
306  
47  
306 281 330  
280  
53 51 56  
284  
177 175  
175 176 177  
175 176 177  
175 176 177  
175 176 177  
175 176 177  
175 176 177  
175 176 177  
175 176 177  
306  
306 47  
487 213 374 379 40  
40  
487 213 374 379 40  
487 213 374 379 40  
487 213 175 284  
284  
176 454 284 452  
176 454 284 452  
487 213 374 379  
139 179 282  
179 282  
420  
420  
420  
278  
420  
420  
487 213 374 379 40 42 51 284  
487 213 374 379 40 42 51 284  
487 213 374 379 40 42 51  
51  
51  
374 378 379 40 42 51  
374 378 379 40 42 51  
374 378 379 40 42 51  
374 378 379 40 42 51  
487 213 175 284  
284  
176 454 284 452  
176 454 284 452  
487 213 374 379  
139 179 282  
179 282  
420  
420  
420  
278  
420  
420  
487 213 374 379 40 42 51 284  
487 213 374 379 40 42 51 284  
487 213 374 379 40 42 51  
51  
51  
374 378 379 40 42 51  
374 378 379 40 42 51  
374 378 379 40 42 51  
374 378 379 40 42 51  
284  
284  
281  
284 47  
298 229  
284  
284  
177 175  
177 175 427  
177 175  
177 175 427  
511 474  
511 474  
511 474  
511 474  
511 474  
474  
474  
511 474  
511 474  
511 474  
511 474  
214  
511 474  
511 474  
487  
504 514  
504 514 515 513  
504 514 515 513  
513 504 514  
513  
504 514  
504 514  
511 474  
511 474  
474  
511 481 474  
511 474  
511 474  
511 474  
511 474  
511 474  
511 474  
511 474  
511 474  
511 474  
511 474  
511 474  
511 474  
511 474  
511 474  
511 474  
511 474  
511 474  
511 474  
511 474  
511 474  
511 474  
511 474  
511 474  
511 474  
514  
511 474  
511 474  
516  
516  
511 474  
511 474  
511 474  
511 474  
511 474  
511 474  
511 474  
511 474  
487  
511 474  
511 474  
511 474  
511 476 481 474  
511 474  
511  
511 474  
511 474  
511 474  
511 474  
474  
511 474  
511 474  
511 474  
511 474  
511 474  
511 474  
511 474  
511 474  
511 474  
511 474  
474  
511 474  
474  
511 474  
511 474  
511 474  
511 474  
511 474  
511 474  
511 474  
511 474  
511 474  
511 474  
511 474  
511 474  
511 474  
514  
511 474  
474  
511 474  
511 474  
511 474  
511 474  
487  
487  
511 474  
511 474  
511 474  
511 474  
511 474  
511 474  
511 481 474  
511 474  
511 474  
511 474  
511 474  
511 474  
511 474  
511 474  
511 474  
511 474  
511 476 474  
511 474  
511 474  
511 474  
511 474  
511 474  
511 474  
511 474  
511 474  
511 474  
511 474  
511 474  
511 474  
511 474  
511 474  
511 474  
511 474  
511 474  
511 474  
511 474  
511 474  
511 474  
487  
487  
487  
487  
511 474  
511 474  
511 474  
511 476 474  
511 474  
511 474  
511 474  
511 474  
511 474  
511 474  
474  
511 474  
474  
511 474  
511 474  
511 474  
514  
516  
511 474  
511 474  
511 474  
474  
474  
511 474  
514  
514 515 513  
514 515 513  
513 514  
513  
514  
514  
511 474  
511 474  
511 474  
511 474  
474  
474  
474  
511 474  
474  
474  
474  
511 474  
516  
516  
511 474  
511 474  
474  
516  
511 474  
511 474  
516  
511 474  
516  
511 474  
511 474  
513 474  
511 474  
511 474  
511 474  
515 513  
515 513  
513  
513  
512 474  
514  
514 515 513  
514 515 513  
513 514  
513  
514  
514  
511 474  
511 474  
511 474  
511 474  
511 474  
511 474  
511 474  
511 474  
511 474  
511 474  
511 474  
511 474  
511 476 474 481  
511 474  
511  
511  
511  
511 474  
511 474  
511 474  
511 474  
487  
511 474  
511 474  
511 474  
487  
511 474  
511 474  
511 474  
511 474  
474  
511 474  
511 474  
511 474  
511 474  
511  
511 474  
513  
511  
511  
513 511  
514  
513  
511  
511  
513 511  
511 474  
511 474  
511 474  
511 474  
511 481 474  
474  
511  
513  
511  
511 513  
511 513  
511 474  
511 474  
511  
513  
511  
513 511  
513 511  
511 474  
511 474  
474  
511  
511  
511  
511 474  
511 474  
511 474  
511 474  
511  
511  
511  
511 474  
511  
511  
511  
511  
513  
511  
513 511  
511  
511  
511  
511  
511  
513  
511  
513 511  
513 511  
511 474  
511 474  
474  
513  
511  
513 511  
511 474  
513  
511  
511  
513 511  
474  
511 474  
511  
511  
511  
511  
511 474  
511 474  
513 511  
511 474  
511 474  
511 474  
511 474  
512 474  
513  
511  
511 513  
511 474  
511 474  
511  
513  
511  
513 511  
513 511  
511 474  
511 474  
513  
511  
511 513  
511 474  
511 474  
513  
511  
513 511  
513  
511  
513 511  
511 474  
511 474  
511 474  
511 474  
511 474  
511 474  
513  
511  
511 513  
511 474  
511 474  
511 474  
516  
516  
511 474  
513  
511  
511 513  
511 474  
513  
511  
511 513  
511 474  
512 474  
511 474  
511 474  
513  
511  
514  
514  
511 474  
511 474  
511 474  
511  
513  
511  
513 511  
513 511  
511 474  
513  
511  
513 511  
511 476 474 481  
513  
511  
513 511  
513  
511  
513 511  
513  
511  
513 511  
511 474  
511 474  
513  
511  
513 511  
487  
487  
511 474  
513  
511  
513 511  
513  
511  
513 511  
511 474  
513  
511  
513 511  
511 474  
474  
513  
511  
513 511  
511 474  
511 474  
511 474  
511 474  
511 474  
513  
511  
513 511  
511 474  
511 474  
474  
511 474  
513  
511  
513 511  
474  
511 474  
511 474  
511 474  
511 474  
511 474  
511  
513  
511  
513 511  
513 511  
511 474  
511 474  
511 474  
514 512  
512 514  
514  
512  
514 512  
511 474  
511 474  
511 474  
511 474  
513  
511  
513 511  
511 474  
513  
511  
511 513  
511 474  
513  
511  
511 513  
513  
511  
513 511  
514  
511 474  
511 474  
511 474  
511 474  
511 474  
511 474  
511 474  
511 474  
511  
511  
511  
511  
511  
511 474  
516  
511 474  
511  
511  
516  
511 474  
511  
511  
516  
511 474  
511  
511  
516  
511 474  
511 474  
513 474  
511 474  
511 474  
511 474  
513  
511  
513 511  
511 474  
511 474  
511 474  
512 474  
512 474  
511 474  
511 474  
513  
511  
513 511  
511 474  
511 474  
511 474  
511 474  
511 474  
511 474  
511 474  
511 474  
511 474  
511 474  
513  
511  
513 511  
511 476 481 474  
511 474  
511  
511  
511  
511 474  
511  
513  
511  
513 511  
513 511  
511 474  
511 474  
511 474  
511 474  
511 474  
511 474  
511 474  
511 474  
511  
511  
511 474  
511  
511  
514  
514  
514  
514  
511 474  
511 474  
511 474  
511 474  
511 474  
511 474  
511 474  
511 474  
511 474  
511 474  
511  
511  
511 474  
511 474  
511  
511  
511 474  
514  
514  
514  
514  
511 474  
511  
511 474  
511  
511 474  
511  
474  
511 474  
511 474  
511 474  
511 474  
511  
513  
511  
513 511  
513 511  
513  
511  
513 511  
511 474  
514  
514  
514  
514  
511 474  
511 474  
487  
512  
511 474  
511 474  
513  
511  
514  
511 474  
513  
511  
513 511  
511 474  
511 474  
511 474  
511 474  
511  
513  
511  
513 511  
513 511  
513  
511  
513 511  
511 474  
514  
514  
514  
514  
511 474  
511 474  
516  
474  
511 474  
511 474  
511 474  
511 474  
511 474  
511 474  
514  
514  
514  
514  
511 474  
511  
511  
511  
511  
511 474  
511 474  
514  
514  
514  
514  
511 474  
511 474  
511  
511  
511  
512 474  
512 474  
512 474  
511 474  
511 474  
511 474  
511 474  
474  
474  
513  
511  
513 511  
513  
511  
513 511  
511  
511  
511 474  
511 474  
511  
511  
511 474  
511 474  
511 474  
511 474  
511 474  
511 474  
514  
514  
514  
514  
511 474  
511 474  
511 474  
512  
511 474  
511 474  
504  
511 474  
487  
511 474  
512 474  
512 474  
512 474  
512 474  
512 474  
514  
514  
514  
514  
511 474  
474  
511 476 474  
511 474  
511 474  
504  
511 474  
474  
513  
511  
513 511  
511 474  
511 474  
514  
514  
514  
514  
511 474  
511 474  
513  
511  
513 511  
511  
511 474  
511 474  
511 474  
512 474  
474  
511 474  
511 474  
511 474  
511 474  
511 474  
511 474  
512  
511 474  
511 474  
511 474  
511 474  
514  
512  
514 512  
512 474  
512 474  
512 474  
511 474  
511 474  
512 474  
512 474  
512 474  
511 474  
512 474  
511 474  
511 474  
512  
514 512  
511  
511  
511  
511 474  
511 474  
514  
516  
511 474  
513  
511  
511 513  
511 474  
511  
511  
511 474  
511  
511  
511 474  
514  
514  
514  
514  
511 474  
511  
511 474  
511  
511 474  
511  
511 474  
511  
512 474  
512 474  
512 474  
511 474  
511  
511 474  
511  
511 474  
511  
511 474  
514  
514 515 513  
514 515 513  
513 514  
513  
514  
514  
511 474  
511 474  
514  
514  
514  
514  
511 474  
513  
511  
511 513  
511  
511  
511 474  
511  
511 474  
511  
511 474  
513  
513  
511 474  
511 474  
511 474  
514  
512 474  
512 474  
512 474  
511 474  
512 474  
512 474  
511 474  
514  
511 474  
511 474  
511 474  
511 474  
511  
511  
511  
511  
511 474  
514  
514  
514  
514  
511 474  
511  
511  
511  
511 474  
511 474  
511 474  
514  
514  
514  
514  
512  
511 474  
511  
487  
511 474  
511 474  
513  
511  
511 513  
511 474  
511 474  
511 474  
514  
514  
514  
514  
511 474  
514  
511 474  
511 474  
514  
514  
514  
514  
474  
511 474  
511 474  
511 474  
511 474  
512  
513  
511  
513 511  
511 474  
511 474  
511  
511 474  
511 474  
513  
511  
513 511  
511 474  
511 474  
511 474  
512  
511 474  
512  
511 474  
474  
511 474  
511 474  
511  
513  
511  
513 511  
513 511  
474  
511 474  
514  
514  
514  
514  
514  
514  
514  
511 474  
516  
474  
514 512  
514 512  
512 514  
514  
512  
514 512  
514  
514  
511 474  
514  
514  
511 474  
511 474  
511  
513  
511  
513 511  
513 511  
514  
514  
514  
514  
514  
514 512  
512 514  
514  
512  
514 512  
511 474  
514  
514  
511 474  
511 474  
511 474  
511 474  
514  
511 474  
511 474  
511 474  
511  
513  
511  
513 511  
513 511  
511 474  
514  
514  
514  
514  
514  
514  
511 474  
511 474  
512  
513  
511  
511 513 514  
487  
514  
511 474  
511 474  
513  
511  
513 511 514  
511 474  
511 474  
514  
514  
514  
514  
514  
513  
511  
513 511 514  
511 474  
511  
511  
511 474  
511  
511  
511 474  
511 474  
514  
514  
514  
514  
511 474  
514 512  
512 514  
514  
512  
514 512  
514  
514  
514  
514  
514  
514  
514  
511 474  
511 474  
511 476 474 481  
513  
511  
513 511 514  
513  
511  
513 511 514  
511 474  
511 474  
511 474  
511 474  
511  
513  
511  
513 511  
514  
514  
514  
511 474  
512  
512 474  
511 474  
514  
487  
511 474  
511 474  
511 474  
514  
511 474  
514  
511 474  
514  
514  
514  
514  
511 474  
514  
511 474  
511 474  
514  
511 474  
512 474  
511 474  
514  
514  
514  
514  
514  
511 474  
511 474  
514  
511 474  
514  
511 474  
511 474  
514  
514  
514  
514  
514  
511 474  
511 474  
511 474  
514  
514  
514  
514  
511 474  
514  
514  
514  
514  
511 474  
514  
511 474  
511 474  
511 474  
511 474  
511 474  
514  
514  
514  
514  
511 474  
511 474  
514  
514  
514  
514  
514  
511 474  
516  
511 474  
514  
514  
474  
474  
474  
474  
511 474  
474  
474  
511 474  
474  
504  
474  
474  
474  
514  
474  
474  
474  
504  
474  
474  
474  
474  
474  
511 474  
514  
514  
514  
514  
511 474  
511 474  
513  
511  
513 511 514  
513  
511  
513 511 514  
511 474  
511 474  
513  
511  
513 511 514  
511 474  
513  
511  
513 511 514  
511 474  
511 474  
511 474  
511 474  
511 474  
511 474  
511 474  
511 474  
511 474  
513  
511  
513 511 514  
511 474  
511 474  
514  
511 476 481 474  
513  
511  
513 511 514  
511 481 474  
511 474  
514  
511 474  
511  
511  
511  
511 474  
514  
514  
511 474  
514  
514  
514  
514  
511 474  
511  
513  
511  
513 511  
513 511  
511 474  
512  
511 474  
512  
511 474  
511 474  
487  
511 474  
511 474  
511 474  
513  
511  
511  
513 511 514  
511 474  
511 474  
511 474  
511 474  
511 474  
511 474  
511 474  
511 474  
511 474  
511 474  
511  
511 474  
511 474  
514  
514  
514  
514  
511  
513  
511  
513 511  
513 511  
511 474  
513  
511  
511 514  
516  
511 474  
511 474  
514  
511 474  
514  
516  
516  
516  
516  
511 474  
511  
511 514  
516  
511 474  
511  
511 514  
511 474  
511 474  
512  
511 474  
487  
511 474  
514  
514  
514  
514  
511 474  
514 512  
511 474  
511 474  
511  
513  
511  
513 511  
513 511  
513 514  
511 474  
511 474  
514  
514  
514  
514  
511 474  
511 474  
474  
514 512  
514 512  
514  
511 474  
511 474  
514  
474  
512 474  
474  
474  
474  
512 474  
512 474  
512 474  
512 474  
514  
511 474  
511 474  
511 474  
514  
514  
514  
514  
511  
513  
511  
513 511  
514  
511 474  
511 474  
514  
511 474  
511 474  
514  
514  
514  
514  
514  
514  
514  
514  
511 474  
511 474  
514  
511 474  
514  
511 474  
511 474  
511 474  
511 474  
511 474  
511 474  
514  
511 474  
511  
511  
511 514  
511 474  
511 474  
511 474  
511 474  
513  
511  
513 511 514  
511 474  
511 474  
511 474  
511 474  
511 474  
511 474  
513  
511  
513 511 514  
514  
511 474  
511 474  
513  
511 474  
511 474  
511 474  
514  
511 474  
511  
514  
514  
514  
514  
511 474  
513  
511  
511  
513 511 514  
513  
511  
513 511 514  
511 474  
511 474  
511 474  
474  
511 474  
511 474  
514  
514  
514 515 513  
514 515 513  
513 514  
513  
514  
514  
474  
514  
511 474  
511 474  
514 511  
511 514  
511  
511 514  
511 474  
512  
514  
511 474  
511 474  
511  
511  
511 514  
511 474  
511 474  
511 474  
514  
511 474  
511 474  
514  
514  
514  
514  
511  
511 474  
511 474  
511 474  
511 474  
514  
511  
513  
511  
513 511  
513 511  
511 474  
514  
511 474  
511 474  
514  
511 474  
514 512  
474  
511 474  
511 474  
511 474  
511 474  
511 474  
511 474  
511 474  
511 474  
511 474  
514  
514  
514  
514  
513  
511  
511 513  
511  
513  
511  
513 511  
513 511  
511 474  
514  
511 474  
511 474  
511 474  
511 474  
511 474  
511 474  
474  
511 474  
514  
514  
514  
514  
511 474  
511 474  
511 474  
511 474  
511 474  
513  
511  
513 511  
513  
511  
513 511 514  
511 474  
511  
511  
511 474  
511 474  
511 474  
511 474  
513  
511  
511 513 514  
511 474  
514  
511 474  
514  
511 474  
511 474  
511  
511  
511 474  
511 474  
511 474  
513  
511  
511 513 514  
511 474  
511 474  
511 474  
514  
511 474  
514  
514  
514  
514  
514  
511 474  
516  
516  
511 474  
513  
511  
511 513 514  
511 474  
511 474  
511 474  
511 474  
511 474  
513  
511  
511 513 514  
511 474  
511 474  
513  
511  
513 511  
514  
514  
514  
514  
514 513 511  
514  
514  
514  
514  
513  
511  
513 511 514  
511 474  
514  
514 515 513  
514 515 513  
513 514  
513  
514  
514  
511 474  
512 474  
511 474  
514  
511 474  
514  
514  
514  
514  
511 474  
511 474  
511 474  
511 474  
514  
514 515 513  
514 515 513  
513 514  
513  
514  
514  
514  
514  
474  
474  
511 474  
511 474  
513  
511  
513 511 514  
511 474  
511 474  
511 481 474  
511  
511  
511  
511  
511 474  
511 474  
511 476 481 474  
513  
511  
513 511 514  
513  
511  
513 511 514  
511 474  
511  
511  
514  
514  
514  
514  
514  
514  
511 474  
511  
511 474  
511  
511 474  
511  
511 474  
511 474  
511 474  
511 474  
511  
511  
511  
511  
514  
514  
514  
514  
514  
514  
514  
514  
474  
513  
511  
513 511  
511 474  
512  
511 474  
487  
514  
511 474  
514  
514  
511 474  
511 474  
511 474  
511 474  
511 474  
511 474  
511 474  
511 474  
511 474  
511 474  
511 474  
474  
511 474  
474  
511 474  
514 513 511  
511 474  
511 474  
514  
514  
514  
514  
514  
514  
511 474  
511  
511 474  
511  
511  
511 474  
511 474  
511  
511 474  
511  
511 474  
511 474  
511 474  
514  
511 474  
511 474  
511 474  
511 474  
511 474  
511 474  
511 474  
511 474  
513  
511  
511 513  
474  
511 474  
514  
511 474  
514  
514  
511 474  
474  
474  
511 474  
511  
511  
511 474  
511 474  
511  
511  
514  
514  
514  
514  
511 474  
511 474  
512  
487  
511  
511 474  
511 474  
511 474  
511 474  
511 474  
511 474  
511 474  
513  
511  
513 511  
511 474  
511  
511  
511 514  
511 474  
511 474  
511 474  
514 512  
511 474  
511 474  
511 474  
511 474  
514  
514  
514  
514  
514  
512  
511 474  
511 474  
516  
516  
511 474  
511 474  
511 474  
516  
511 474  
514  
514  
514  
514  
514  
511 474  
513  
511  
513 511 514  
511  
511 514  
511 474  
511 474  
514  
514  
514  
514  
511  
514  
474  
474  
474  
474  
512 474  
474  
511  
511  
511 474  
511 474  
514  
511 474  
513  
511  
513 511 514  
511  
511  
511 474  
511 474  
511  
511  
511 474  
511 474  
514  
514  
514  
514  
511 474  
511 474  
514  
511 474  
511 474  
511 474  
511 474  
511  
513  
511  
511 513  
511 476 474  
514  
511 474  
511  
511  
511 514  
511 474  
511 474  
511 474  
511 474  
511 474  
511 474  
511 474  
511 474  
511 474  
511  
511  
511 474  
511 474  
511  
511  
511 474  
514  
514  
514  
514  
511 474  
511  
511  
511 474  
511 474  
511  
511  
514  
514  
514  
514  
512 474  
512 474  
512 474  
514  
511 474  
511 474  
514  
511 474  
514  
511 474  
511 474  
511  
511  
511 474  
512  
511 474  
511 474  
511  
511 474  
511  
511 474  
511  
511 474  
511 474  
511 474  
511 474  
513 474  
511  
513  
511  
513 511  
513 511  
511 474  
511 474  
511 474  
511  
511  
514  
514  
514  
514  
514  
504 514  
504 514 515 513  
504 514 515 513  
513 504 514  
513  
504 514  
504 514  
504 514  
504 514 515 513  
504 514 515 513  
513 504 514  
513  
504 514  
504 514  
504 514  
504 514 515 513  
504 514 515 513  
513 504 514  
513  
504 514  
504 514  
504 514  
504 514 515 513  
504 514 515 513  
513 504 514  
513  
504 514  
504 514  
504 514  
504 514 515 513  
504 514 515 513  
513 504 514  
513  
504 514  
504 514  
504 514  
504 514 515 513  
504 514 515 513  
513 504 514  
513  
504 514  
504 514  
 
