112 483 111 12 14 (26)
407 (5)
391 (5)
31 (5)
15 26 (11)
656 858 796 26 (5)
558 (6)
537 (6)
419 (6)
573 582 (17)
573 568 (7)
18 27 28 26 (15)
80 (7)
746 512 510 (6)
837 785 797 796 (7)
178 (16)
18 496 26 (5)
190 (16)
579 581 577 575 440 568 567 582 (6)
766 765 754 (8)
505 764 754 (7)
576 567 (30)
755 512 (7)
672 405 506 (6)
770 28 576 582 (14)
86 496 (5)
504 506 (9)
510 504 (7)
46 503 755 741 506 (7)
184 27 28 (7)
858 797 796 496 566 (6)
565 723 566 (16)
496 564 566 582 (5)
90 86 681 578 115 114 678 584 581 577 575 440 568 564 111 566 582 (6)
