496 86 90  
440  
678 440 114 566 584 115 564 681 581 575 111 577 582  
568 90 678 440 114 566 584 115 564 578 681 581 86 575 111 577 582  
567 579 568 581 440 575 577 582  
564 678 566 584  
12 483 14 111 112  
12 14  
12 483 14 111 112  
723 565 566  
80  
723 565 566  
76 79  
76 79  
12 483 14 111 112  
12 14  
12 483 14 111 112  
26  
184 27 28  
796 797 837 785  
723  
582  
573  
567  
568  
567 576  
578 568  
561  
567 723 573 568 582  
573 582  
537  
723 565 566  
80  
723 565 566  
26 27 5  
12 483 14 111 112  
12 14  
12 483 14 111 112  
723 565 566  
80  
723 565 566  
26 27 5  
26 4  
43 42  
26  
184 27 28  
796 797 837 785  
723  
582  
573  
567  
568  
567 576  
578 568  
561  
567 723 573 568 582  
573 582  
537  
537  
2  
2  
26  
184 27 28  
796 797 837 785  
26  
184 27 28  
796 797 837 785  
764 505 422 754  
504  
422  
506  
510  
755 512  
504 510  
178 422  
178  
190  
190  
419 764 505 754  
504  
419  
506  
510  
755 512  
504 510  
181 174 175 180  
419 178  
178  
190  
190  
419 764 505 754  
504  
419  
506  
510  
755 512  
504 510  
419 178  
178  
190  
190  
202 198 199 201 200  
26  
184 27 28  
796 797 837 785  
26  
184 27 28  
796 797 837 785  
272 273  
272 273  
407  
391  
741  
407  
391  
440  
678 440 114 566 584 115 564 681 581 575 111 577 582  
568 90 678 440 114 566 584 115 564 578 681 581 86 575 111 577 582  
567 579 568 581 440 575 577 582  
564 678 566 584  
31 471 470  
31 471 470  
26 27 28 18  
26 27 28 18  
26 27 28 18  
564 496  
564 496  
564 496 566 582  
26  
26 496 18  
496 86 90  
656 858 26 796  
26 15  
672 506 405  
26 15  
858 496 796 797 566  
31 471 470 14  
12 15  
15  
483  
573 582  
483  
573 582  
573 582  
483 565 566  
565 566  
46 503 755 506 741  
741  
503 752  
766 764 765 754  
766 765 754  
764  
26 27 28 18  
26 27 28 18  
26 27 28 18  
564 496  
564 496  
656 858 26 796  
26 15  
31 471 470 14  
12 15  
15  
46 503 755 506 741  
741  
503 752  
766 764 765 754  
766 765 754  
764  
741  
12 483 14 111 112  
12 14  
12 483 14 111 112  
12 483 14 111 112  
12 14  
12 483 14 111 112  
12 14  
12 483 14 111 112  
12 483 14 111 112  
12 14  
12 483 14 111 112  
12 483 14 111 112  
12 14  
12 113 14  
723 564  
723 565 566  
80  
723 565 566  
407  
391  
440  
678 440 114 566 584 115 564 681 581 575 111 577 582  
568 90 678 440 114 566 584 115 564 578 681 581 86 575 111 577 582  
567 579 568 581 440 575 577 582  
564 678 566 584  
723  
723 566  
567 576  
567 576  
567 576  
567 576  
573 568  
573  
567  
568  
567 576  
567 564 576  
567 579 576  
567 576  
723  
566  
565  
582  
573  
567 576  
578 568  
558  
558  
558  
567  
568  
723  
582  
573  
567  
568  
567 576  
578 568  
561  
567 723 573 568 582  
573 582  
723 565 566  
506 488 512 504  
506 504  
537  
506 504  
766 765 512 510  
746 512 510  
746 512 510  
506  
506  
504  
764 505 754  
504  
506  
510  
755 512  
504 510  
178  
178  
190  
190  
46 503 755 506 741  
564 496 566 582  
26  
26 496 18  
46 503 755 506 741  
564 496 566 582  
26  
26 496 18  
26 4  
43 42  
537  
537  
723 565 566  
80  
723 565 566  
723  
566  
565  
582  
573  
567 576  
578 568  
558  
558  
558  
567  
568  
723  
582  
573  
567  
568  
567 576  
578 568  
561  
567 723 573 568 582  
573 582  
723  
723 566  
567 576  
567 576  
567 576  
567 576  
573 568  
573  
567  
568  
567 576  
567 564 576  
567 579 576  
567 576  
723 565 566  
407  
391  
440  
678 440 114 566 584 115 564 681 581 575 111 577 582  
568 90 678 440 114 566 584 115 564 578 681 581 86 575 111 577 582  
567 579 568 581 440 575 577 582  
564 678 566 584  
741  
503 752  
766 764 765 754  
766 765 754  
764  
506 504  
766 765 512 510  
746 512 510  
746 512 510  
506  
506  
504  
689  
26 27 28 18  
26 27 28 18  
26 27 28 18  
564 496  
564 496  
496 86 90  
741  
503 752  
766 764 765 754  
766 765 754  
764  
46 503 755 506 741  
12 483 14 111 112  
12 14  
12 483 14 111 112  
46 503 755 506 741  
723 565 566  
80  
723 565 566  
764 505 754  
504  
506  
510  
755 512  
504 510  
178  
178  
190  
190  
26 27 28 18  
26 27 28 18  
26 27 28 18  
564 496  
564 496  
496 86 90  
28 770 576 582  
28 770 576 582  
28 770 576 582  
28 770 576 582  
28 770 576 582  
28 770 576 582  
28 770 576 582  
28  
723  
723 566  
567 576  
567 576  
567 576  
567 576  
573 568  
573  
567  
568  
567 576  
567 564 576  
567 579 576  
567 576  
672 506 405  
26 15  
858 496 796 797 566  
12 483 14 111 112  
12 14  
12 483 14 111 112  
12 113 14  
723 565 566  
80  
723 565 566  
764 505 754  
504  
506  
510  
755 512  
504 510  
178  
178  
190  
190  
506 488 512 504  
506 504  
407  
391  
440  
678 440 114 566 584 115 564 681 581 575 111 577 582  
568 90 678 440 114 566 584 115 564 578 681 581 86 575 111 577 582  
567 579 568 581 440 575 577 582  
564 678 566 584  
689  
28 770 576 582  
28 770 576 582  
28 770 576 582  
28 770 576 582  
28 770 576 582  
28 770 576 582  
28 770 576 582  
28  
440  
678 440 114 566 584 115 564 681 581 575 111 577 582  
568 90 678 440 114 566 584 115 564 578 681 581 86 575 111 577 582  
567 579 568 581 440 575 577 582  
564 678 566 584  
741  
46 503 755 506 741  
506 488 512 504  
506 504  
506 504  
766 765 512 510  
746 512 510  
746 512 510  
506  
506  
504  
764 505 754  
504  
506  
510  
755 512  
504 510  
178  
178  
190  
190  
672 506 405  
26 15  
858 496 796 797 566  
12 483 14 111 112  
12 14  
12 483 14 111 112  
12 483 14 111 112  
12 14  
12 483 14 111 112  
12 14  
12 483 14 111 112  
12 483 14 111 112  
12 14  
12 483 14 111 112  
12 483 14 111 112  
12 14  
483  
573 582  
483  
573 582  
573 582  
483 565 566  
565 566  
89 564 496 86 566  
564 496 566 582  
26  
26 496 18  
483  
573 582  
483  
573 582  
573 582  
672 506 405  
26 15  
858 496 796 797 566  
656 858 26 796  
26 15  
178  
178  
190  
190  
13 11 2  
14  
19  
11  
27  
28  
20  
24  
25  
26 18  
26  
184 27 28  
796 797 837 785  
656 858 26 796  
26 15  
672 506 405  
26 15  
858 496 796 797 566  
26 27 28 18  
26 27 28 18  
26 27 28 18  
564 496  
564 496  
564 496 566 582  
26  
26 496 18  
656 858 26 796  
26 15  
672 506 405  
26 15  
858 496 796 797 566  
919  
921  
920  
31  
 
