191 (11)
1695 (12)
1681 (12)
1679 (12)
1677 (12)
1675 (12)
561 (12)
7 406 471 (12)
190 (12)
148 (12)
1197 (13)
22 (14)
2171 821 (14)
1172 61 49 55 (12)
604 (14)
1118 (17)
262 37 (15)
56 (15)
1235 (16)
57 55 (42)
184 85 588 (11)
485 468 (16)
1388 1432 (14)
354 476 471 (12)
1282 55 (14)
345 (19)
312 (19)
1424 1234 (13)
486 473 389 (11)
481 468 (19)
7 480 (12)
1234 389 (14)
483 473 (13)
473 485 (13)
36 723 720 468 (28)
475 480 (13)
472 485 471 (14)
478 477 472 476 471 (13)
36 723 720 480 471 (14)
475 723 720 471 (14)
468 471 (17)
204 587 586 (18)
267 480 407 587 586 (16)
