475  
476  
476  
723 468 475 720  
723 468 36 720  
723 468 36 720  
723 468 36 720  
723 471 475 720  
586 587  
723 471 475 720  
723 471 480 36 720  
586 480 45 587 36  
723 471 468 480 36 720  
22  
22  
586 587  
586 587  
586 587  
42 388 60 62 56 94 64  
586 587  
586 587  
311 312  
843 728  
475  
476  
476  
723 468 475 720  
723 468 36 720  
723 468 36 720  
723 468 36 720  
761 766 768 764  
312  
312  
312  
588  
588  
588  
85 184  
85 588 184  
468 348 496 473 492 479 484 472 478 497 482 477 503 499 494 489 475 487 495 481 345 490 483 344 498 491 346 470 501 471 347 480 500 476 486 502 488 493 469 485 474  
588  
800  
388  
344 347 348 346 345  
2171 821  
388  
344 347 348 346 345  
2171 821  
604  
476  
476  
476  
471  
471 476 354  
604  
471  
471  
425  
604  
476  
476  
476  
471  
431 426  
431 426  
604  
476  
476  
476  
471  
431 426  
431 426  
604  
476  
476  
476  
471  
471 476 354  
604  
471  
471  
425  
586 587  
468 481  
468 481  
468 481  
468 481  
468 481  
468 481  
586 192  
586 192  
190  
190  
473  
190 473 191  
389  
473  
486 473 389  
486 473  
486 473 389  
486 473 389  
389  
1118  
389  
471 476 354  
604  
471  
471  
588  
588  
588  
85 184  
85 588 184  
254 245  
245  
471 476 354  
604  
471  
471  
245  
254 245  
389  
1118  
389  
486 473 389  
486 473  
1234 1411 406 389  
55 1282 406  
55 1282 1234 389 1424  
1424  
55 57  
55 57  
55 57  
55 57  
55 57  
55 57  
1282 1294  
1235  
1235  
1118  
468 481  
468 481  
468 481  
468 481  
468 481  
468 481  
192 587  
586 192  
190  
190  
1118  
389  
473  
190 473 191  
389  
473  
476 477  
471 476  
471 476  
389  
389  
468 496 352 473 492 479 484 350 472 478 497 482 351 477 503 499 353 489 487 490 356 483 498 491 354 501 471 355 349 500 476 486 502 488 493 485 474  
588  
588  
588  
191  
588  
190 191  
190 191  
352 354 350 349 471 478 472 355 351 476 477 353 356  
728  
246  
586 587  
389  
42 388 60 62 56 94 64  
586 587  
586 587  
311 312  
486 473 389  
486 473  
486 473 389  
486 473 389  
389  
1234 1411 406 389  
55 1282 406  
55 1282 1234 389 1424  
1424  
55 57  
55 57  
55 57  
55 57  
55 57  
55 57  
1282 1294  
468 496 352 473 492 479 484 350 472 478 497 482 351 477 503 499 353 489 487 490 356 483 498 491 354 501 471 355 349 500 476 486 502 488 493 485 474  
588  
588  
588  
191  
588  
190 191  
190 191  
352 354 350 349 471 478 472 355 351 476 477 353 356  
728  
246  
586 587  
1118  
389  
542 581 545  
542 581 545  
55 37 36 262  
55 59 37 49 584 262  
61  
55 61 49  
49  
59 37 584 262  
55 61 49  
55 61 49  
284 285 286  
604  
476  
476  
476  
471  
42 388 60 62 56 94 64  
586 587  
586 587  
311 312  
471 476 354  
604  
471  
471  
60 116 62 56 64 58 35  
588  
588  
588  
85 184  
85 588 184  
284 285 286  
579 581 560  
468 496 352 473 492 479 484 350 472 478 497 482 351 477 503 499 353 489 487 490 356 483 498 491 354 501 471 355 349 500 476 486 502 488 493 485 474  
588  
588  
588  
191  
588  
190 191  
190 191  
352 354 350 349 471 478 472 355 351 476 477 353 356  
728  
246  
586 587  
586 587  
586 587  
586 587  
56 58 35  
586 587  
586 587  
586 587  
586 587  
586 587  
475  
476  
476  
723 468 475 720  
723 468 36 720  
723 468 36 720  
723 468 36 720  
723 471 475 720  
586 587  
723 471 475 720  
723 471 480 36 720  
586 480 45 587 36  
723 471 468 480 36 720  
22  
22  
586 587  
586 587  
586 587  
418 404 414  
586 587  
586 587  
586 587  
389  
1118  
389  
468 481  
468 481  
468 481  
468 481  
468 481  
468 481  
604  
476  
476  
476  
471  
471 476 354  
604  
471  
471  
579 581 560  
55 37 36 262  
55 59 37 49 1172 584 262  
61  
55 61 49 1172  
49  
59 37 584 262  
55 61 49 1172  
55 61 49 1172  
284 285 286  
1235  
1235  
1118  
389  
389  
486 473 389  
486 473 389  
56 58 35  
586 587  
586 587  
586 587  
586 587  
586 587  
475  
476  
476  
723 468 475 720  
723 468 36 720  
723 468 36 720  
723 468 36 720  
723 471 475 720  
586 587  
723 471 475 720  
723 471 480 36 720  
586 480 45 587 36  
723 471 468 480 36 720  
22  
22  
586 587  
586 587  
586 587  
586 587  
586 587  
761 766 768 764  
312  
312  
312  
588  
588  
588  
85 184  
85 588 184  
60 116 62 56 64 58 35  
284 285 286  
468 496 473 492 479 484 478 472 482 497 477 503 499 489 487 467 490 483 498 491 501 471 500 476 486 502 488 493 485 474  
838  
559  
561  
561 148  
586 148 587  
204 586 200 258 587  
204 586 587  
204 586 587  
588  
588  
588  
843  
1234 1411 406 389  
55 1282 406  
55 1282 1234 389 1424  
1424  
55 57  
55 57  
55 57  
55 57  
55 57  
55 57  
1282 1294  
468 496 473 492 479 484 478 472 482 497 477 503 499 489 487 467 490 483 498 491 501 471 500 476 486 502 488 493 485 474  
838  
559  
561  
561 148  
586 148 587  
204 586 200 258 587  
204 586 587  
204 586 587  
588  
588  
588  
843  
588  
588  
588  
85 184  
85 588 184  
56 58 35  
586 587  
586 587  
586 587  
586 587  
586 587  
468 496 473 492 479 484 478 472 482 497 477 503 499 489 487 467 490 483 498 491 501 471 500 476 486 502 488 493 485 474  
838  
559  
561  
561 148  
586 148 587  
204 586 200 258 587  
204 586 587  
204 586 587  
588  
588  
588  
843  
389  
486 473 389  
486 473 389  
284 285 286  
284 285 286  
588  
588  
588  
85 184  
85 588 184  
55 37 36 262  
55 59 37 49 1172 584 262  
61  
55 61 49 1172  
49  
59 37 584 262  
55 61 49 1172  
55 61 49 1172  
56 58 35  
586 587  
586 587  
586 587  
586 587  
586 587  
475  
476  
476  
723 468 475 720  
723 468 36 720  
723 468 36 720  
723 468 36 720  
723 471 475 720  
586 587  
723 471 475 720  
723 471 480 36 720  
586 480 45 587 36  
723 471 468 480 36 720  
22  
22  
586 587  
586 587  
586 587  
60 116 62 56 64 58 35  
588  
588  
588  
85 184  
85 588 184  
468 496 473 492 479 484 478 472 482 497 477 503 499 489 487 467 490 483 498 491 501 471 500 476 486 502 488 493 485 474  
838  
559  
561  
561 148  
586 148 587  
204 586 200 258 587  
204 586 587  
204 586 587  
588  
588  
588  
843  
588  
588  
588  
85 184  
85 588 184  
468 496 473 492 479 484 478 472 482 497 477 503 499 489 487 467 490 483 498 491 501 471 500 476 486 502 488 493 485 474  
838  
559  
561  
561 148  
586 148 587  
204 586 200 258 587  
204 586 587  
204 586 587  
588  
588  
588  
843  
588  
588  
588  
85 184  
85 588 184  
468 496 473 492 479 484 478 472 482 497 477 503 499 489 487 467 490 483 498 491 501 471 500 476 486 502 488 493 485 474  
838  
559  
561  
561 148  
586 148 587  
204 586 200 258 587  
204 586 587  
204 586 587  
588  
588  
588  
843  
56 58 35  
586 587  
586 587  
586 587  
586 587  
586 587  
761 766 768 764  
312  
312  
312  
588  
588  
588  
85 184  
85 588 184  
723 471 475 720  
586 587  
723 471 475 720  
723 471 480 36 720  
586 480 45 587 36  
723 471 468 480 36 720  
22  
22  
586 587  
586 587  
586 587  
723 471 475 720  
586 587  
723 471 475 720  
723 471 480 36 720  
586 480 45 587 36  
723 471 468 480 36 720  
22  
22  
586 587  
586 587  
586 587  
55 37 36 262  
55 59 37 49 1172 584 262  
61  
55 61 49 1172  
49  
59 37 584 262  
55 61 49 1172  
55 61 49 1172  
245  
284 285 286  
542 581 545  
311 312  
284 285 286  
311 312  
542 581 545  
604  
476  
476  
476  
471  
431 426  
431 426  
476 477  
471 476  
471 476  
389  
389  
604  
476  
476  
476  
471  
42 388 60 62 56 94 64  
586 587  
586 587  
311 312  
60 116 62 56 64 58 35  
579 581 560  
761 766 768 764  
312  
312  
312  
588  
588  
588  
85 184  
85 588 184  
407  
407  
407  
407  
407  
407  
407  
407  
407  
407  
407  
407  
1118  
389  
56 58 35  
586 587  
586 587  
586 587  
586 587  
586 587  
475  
476  
476  
723 468 475 720  
723 468 36 720  
723 468 36 720  
723 468 36 720  
723 471 475 720  
586 587  
723 471 475 720  
723 471 480 36 720  
586 480 45 587 36  
723 471 468 480 36 720  
22  
22  
586 587  
586 587  
586 587  
425  
471 7 406  
586 480 267 587  
7 586 480 267 587 380  
471 406  
267  
407 586 480 267 587  
407 586 480 267 587  
586 480 267 587  
586 480 267 587  
407 586 480 267 587  
471 7 406  
7 586 480 267 587  
471 7 406  
407 480 475  
7 480 475  
267  
407  
486 345  
407 472 471 406 485  
407 586 480 267 475 587  
406  
7 475 345  
475 345  
406 345  
406  
406  
404  
471 7 406  
471 406  
471 406  
586 480 267 587  
7 586 480 267 587 380  
471 406  
267  
407 586 480 267 587  
407 586 480 267 587  
586 480 267 587  
586 480 267 587  
407 586 480 267 587  
471 7 406  
7 586 480 267 587  
471 7 406  
407 480 475  
7 480 475  
267  
407  
486 345  
407 472 471 406 485  
407 586 480 267 475 587  
406  
7 475 345  
475 345  
406 345  
406  
406  
406  
418 404 414  
586 587  
1083  
1085 1093  
1420  
1388 1392 1432  
1432  
1432  
1404 1407  
1282 1288 1197  
1234 1660 1424 1119  
407  
407  
407  
407  
407  
407  
407  
407  
407  
407  
407  
407  
284 285 286  
1234 1411 406 389  
55 1282 406  
55 1282 1234 389 1424  
1424  
55 57  
55 57  
55 57  
55 57  
55 57  
55 57  
1282 1294  
475 485  
475 485  
485  
485  
473 485  
1282 1168 1371 473 483  
407  
483  
407 415 1369 1383 1363  
1369 1383 1363  
1152 1156 485  
480 1152 1156  
471 7 406  
471 406  
471 406  
586 480 267 587  
7 586 480 267 587 380  
471 406  
267  
407 586 480 267 587  
407 586 480 267 587  
586 480 267 587  
586 480 267 587  
407 586 480 267 587  
471 7 406  
7 586 480 267 587  
471 7 406  
407 480 475  
7 480 475  
267  
407  
486 345  
407 472 471 406 485  
407 586 480 267 475 587  
406  
7 475 345  
475 345  
406 345  
406  
406  
406  
471 7 406  
586 480 267 587  
7 586 480 267 587 380  
471 406  
267  
407 586 480 267 587  
407 586 480 267 587  
586 480 267 587  
586 480 267 587  
407 586 480 267 587  
471 7 406  
7 586 480 267 587  
471 7 406  
407 480 475  
7 480 475  
267  
407  
486 345  
407 472 471 406 485  
407 586 480 267 475 587  
406  
7 475 345  
475 345  
406 345  
406  
406  
404  
42 388 60 62 56 94 64  
586 587  
586 587  
311 312  
475  
476  
476  
723 468 475 720  
723 468 36 720  
723 468 36 720  
723 468 36 720  
1118  
389  
1083  
1420  
1388 1392 1432  
1388 1432  
1432  
1234 1411 406 389  
55 1282 406  
55 1282 1234 389 1424  
1424  
55 57  
55 57  
55 57  
55 57  
55 57  
55 57  
1282 1294  
1083  
1420  
1388 1392 1432  
1388 1432  
1432  
1234 1660 1424 1119  
1234 1660 1424 1119  
1404 1407  
1282 1288 1197  
1434 1439 1437  
1197  
1197  
1083  
1420  
1388 1392 1432  
1388 1432  
1388 1432  
1434 1439 1437  
1197  
1197  
1083  
1420  
1388 1392 1432  
1388 1432  
1388 1432  
1404 1407  
1282 1288 1197  
1434 1439 1437  
1197  
1197  
1404 1407  
1282 1288 1197  
1234 1660 1424 1119  
1695 1681 1679 1666 1675 1246 1121 1677 1235  
1695 1681 1679 1666 1675 1246 1121 1677 1235  
1681  
1679  
1675  
1677  
1695  
1235  
1235  
1118  
1118  
389  
1083  
1420  
1388 1392 1432  
1388 1432  
1388 1432  
1695 1681 1679 1666 1675 1246 1121 1677 1235  
1695 1681 1679 1666 1675 1246 1121 1677 1235  
1681  
1679  
1675  
1677  
1695  
1118  
1744 1588  
1695 1681 1679 1666 1675 1246 1121 1677 1235  
1695 1681 1679 1666 1675 1246 1121 1677 1235  
1681  
1679  
1675  
1677  
1695  
1234 1660 1424 1119  
1118  
389  
407 415 1369 1383 1363  
1369 1383 1363  
1152 1156 485  
480 1152 1156  
1234 1411 406 389  
55 1282 406  
55 1282 1234 389 1424  
1424  
55 57  
55 57  
55 57  
55 57  
55 57  
55 57  
1282 1294  
1744 1588  
1695 1681 1679 1666 1675 1246 1121 1677 1235  
1695 1681 1679 1666 1675 1246 1121 1677 1235  
1681  
1679  
1675  
1677  
1695  
1235  
1235  
1118  
1282 1234 1371 1250  
1118  
389  
1404 1407  
1282 1288 1197  
1234 1660 1424 1119  
475 485  
475 485  
485  
485  
473 485  
1282 1168 1371 473 483  
407  
483  
1118  
389  
1234 1411 406 389  
55 1282 406  
55 1282 1234 389 1424  
1424  
55 57  
55 57  
55 57  
55 57  
55 57  
55 57  
1282 1294  
55 37 36 262  
55 59 37 49 1172 584 262  
61  
55 61 49 1172  
49  
59 37 584 262  
55 61 49 1172  
55 61 49 1172  
1118  
389  
1282 1234 1371 1250  
1434 1439 1437  
1197  
1197  
475 485  
475 485  
485  
485  
473 485  
1282 1168 1371 473 483  
407  
483  
407 415 1369 1383 1363  
1369 1383 1363  
1152 1156 485  
480 1152 1156  
6  
415  
407 417  
407 586 587 417  
407 586 2171 821 587  
407 586 2171 821 587  
468 822 586 2171 566 821 578 485  
586  
407  
407  
407  
468 822 2171 566 821 578 485  
566 485  
578  
407  
407  
407  
6  
415  
407 417  
407 586 587 417  
407 586 2171 821 587  
407 586 2171 821 587  
468 822 586 2171 566 821 578 485  
586  
407  
407  
407  
468 822 2171 566 821 578 485  
566 485  
578  
407  
407  
407  
6  
415  
407 417  
407 586 587 417  
407 586 2171 821 587  
407 586 2171 821 587  
468 822 586 2171 566 821 578 485  
586  
407  
407  
407  
468 822 2171 566 821 578 485  
566 485  
578  
407  
407  
407  
1083  
2117  
1113 2074 2079  
2054 1113 1862  
 
