1717 (493)
1399 (494)
1383 (503)
2181 (510)
1977 (513)
356 (516)
608 (524)
2144 (525)
1812 (532)
1856 (7009)
1306 (548)
1989 (567)
103 102 531 (552)
94 (586)
571 (598)
1311 (600)
526 (603)
1991 (606)
652 650 648 (702)
1417 1395 102 1967 (507)
540 102 531 (692)
1284 (642)
1262 (660)
1415 (663)
1751 (673)
1307 (677)
1386 (688)
1958 (694)
1447 (703)
2193 (706)
19 (730)
1312 (746)
1289 1390 1406 1404 664 668 1398 1371 2007 862 (542)
110 (783)
2 531 (846)
864 1967 (531)
361 102 (582)
1282 (1132)
664 668 862 864 (502)
103 540 (707)
717 (841)
1308 (852)
1858 (855)
532 531 (614)
537 531 (662)
544 531 (704)
656 (910)
534 531 (534)
360 531 (519)
534 540 (522)
1231 531 (514)
535 531 (661)
1232 531 (644)
1413 531 (637)
1256 531 (716)
1819 1967 (549)
1242 2098 (1358)
2 540 (649)
1371 531 (720)
1758 531 (800)
2125 862 531 (495)
1676 718 (536)
1976 2125 862 864 (609)
1371 1413 102 (509)
1264 531 (673)
654 531 (636)
1676 716 (542)
2131 1972 1967 (505)
360 102 (646)
666 531 (594)
535 540 (569)
1395 531 (508)
643 102 (548)
1443 1972 1967 (538)
2131 1819 (506)
718 716 (712)
654 103 (812)
828 1972 1967 (538)
361 360 (503)
2125 102 1967 (591)
875 2007 862 864 (570)
2246 1758 2125 (603)
654 102 (947)
2002 1413 (779)
2145 2125 1967 (504)
1972 2125 1967 (514)
1256 1413 (508)
832 1968 1972 1967 (561)
1404 2007 862 864 (496)
1759 (1252)
544 540 (496)
932 1264 1417 1395 2125 1967 (516)
1413 2007 862 (532)
2131 1968 (508)
1741 1972 (499)
666 1251 (773)
592 (1301)
1976 2007 862 (554)
1443 2125 (596)
666 540 (562)
354 (1349)
1976 1413 2007 (509)
1251 102 (544)
2246 2125 1967 (607)
1240 1758 2125 (547)
2131 732 (584)
743 732 1967 (520)
1890 2125 (500)
1371 864 (537)
780 2125 (581)
2171 1946 2125 (511)
732 1972 (493)
2145 1758 (535)
732 2008 1967 (534)
1819 2008 (503)
2131 2008 1967 (554)
1984 2125 (520)
1416 1417 2125 (502)
1416 1395 2125 (514)
537 544 (733)
1398 1413 2007 (500)
1256 1416 1417 1395 (567)
2008 1972 (601)
1264 1758 1417 1395 (500)
1913 1192 1967 (497)
1264 1251 1416 1417 1395 (531)
1240 1264 1416 1417 1395 (517)
1231 1232 (494)
6 1232 (531)
1240 102 (506)
1264 102 (502)
2246 1758 862 (520)
1838 1968 1967 (534)
732 1968 1967 (503)
2145 1416 1395 1967 (509)
2171 837 (535)
2007 1968 (497)
2145 1264 1417 1395 1967 (622)
1192 1972 (536)
2008 1968 (559)
2006 1968 1967 (497)
832 837 1972 1967 (560)
837 1251 (502)
544 2 (662)
1232 1416 1395 (499)
1232 1264 1417 1395 (529)
1232 1264 1395 1967 (505)
1371 1413 1416 1417 1395 (725)
1416 1417 1395 102 (512)
1232 1256 (512)
2145 1264 1416 (499)
1192 2125 (542)
1984 2246 1976 862 (520)
1406 1398 864 (514)
199 176 2007 862 (494)
1232 1417 1395 1967 (557)
1398 2007 862 864 (563)
1240 1251 1416 1417 1395 (519)
837 1416 1417 1395 (554)
832 1416 1417 1395 (493)
1413 864 (681)
869 864 (741)
2145 1416 1417 1967 (494)
2002 1371 (496)
1240 1758 1416 1417 1395 (493)
2246 2125 862 (520)
2 1264 (552)
863 862 864 (591)
1240 1264 1251 (544)
2145 1240 1264 (503)
732 2125 1967 (694)
2145 1264 1251 (551)
2145 1256 1264 (558)
666 1264 (557)
2081 864 (515)
2002 864 (576)
1231 1256 1264 (538)
1417 1395 2125 1957 (495)
932 1395 2125 1957 (495)
1264 1251 1395 1957 (531)
864 1957 (621)
2131 1972 1957 (523)
932 1240 1395 1957 (514)
1741 828 1957 (568)
1240 1251 1395 1957 (495)
1232 1240 1395 1957 (604)
1240 1395 2125 1957 (552)
1264 1395 2125 1957 (524)
1443 1758 1957 (543)
2246 2125 1957 (555)
1189 2125 1957 (537)
1443 1395 1957 (521)
1741 1192 1957 (620)
1240 1758 1417 1968 1395 1957 1967 (571)
1192 1957 1967 (532)
2008 1957 1967 (566)
1251 1416 1417 1395 1957 1967 (811)
2171 1758 1968 1957 1967 (506)
732 1957 1967 (626)
2007 1957 1967 (645)
102 1957 1967 (646)
1264 1416 1417 1395 1957 1967 (599)
1741 1957 1967 (523)
2006 1240 1416 1417 1395 1957 1967 (835)
1395 2125 1957 1967 (537)
1443 1968 1957 1967 (685)
1946 1758 1968 2125 1957 1967 (496)
1264 1758 1395 1957 1967 (537)
2246 1957 1967 (618)
103 2125 1957 1967 (511)
1264 1251 1957 1967 (516)
1240 1416 1417 1968 1395 1957 1967 (627)
2171 1968 2125 1957 1967 (508)
932 2125 1957 1967 (679)
1240 1758 1416 1395 1957 1967 (500)
2171 1416 1417 1395 1957 1967 (526)
2170 1968 1957 1967 (509)
837 1968 1972 1957 1967 (518)
837 1395 1972 1957 1967 (498)
832 1972 1957 1967 (840)
1758 1416 1417 1395 1957 1967 (576)
1310 103 1957 1967 (585)
2145 1264 1395 1957 1967 (523)
1416 1417 1395 1972 1957 1967 (588)
2171 1972 1957 1967 (501)
1189 1957 1967 (549)
862 1957 1967 (493)
1224 1957 1967 (502)
1240 1264 1417 1395 1957 1967 (570)
1758 1972 1957 1967 (506)
