389 447 445 71 74  
349  
545 447 445 465 93 96 547 349 97 463 456 458 462  
545 447 445 465 93 96 547 349 97 463 456 458 462 71 75 459 449  
460 448 349 449 463 456 458 462  
545 447 445 465  
378 93 11 9 94  
11 9  
378 93 11 9 94  
581 447 446  
67  
581 447 446  
63 66  
63 66  
581 447 446  
67  
581 447 446  
422  
23 3 24  
378 93 11 9 94  
11 9  
378 93 11 9 94  
581 447 446  
67  
581 447 446  
23 3 24  
378 93 11 9 94  
11 9  
378 93 11 9 94  
23 2  
38 37  
422  
422  
397 616 606 337  
396  
337  
398  
402  
607 404  
402 396  
145 337  
145  
153  
153  
397 616 606 335  
396  
335  
398  
402  
607 404  
402 396  
145 335  
145  
153  
153  
397 616 606 335  
396  
335  
398  
402  
607 404  
402 396  
145 335  
145  
153  
153  
26  
26  
324  
311  
594  
324  
311  
541 398 322  
23 12  
389 447 693 643 644  
349  
545 447 445 465 93 96 547 349 97 463 456 458 462  
545 447 445 465 93 96 547 349 97 463 456 458 462 71 75 459 449  
460 448 349 449 463 456 458 462  
545 447 445 465  
27 11 370 369  
12 9  
27 11 370 369  
12 9  
594 398 395 607 41  
23 693 643 527  
23 12  
541 398 322  
23 12  
389 447 693 643 644  
27 11 370 369  
12 9  
594  
604 395  
616 606 617 618  
606 617 618  
616  
12  
378  
454 463  
378  
454 463  
454 463  
378 447 446  
447 446  
594 398 395 607 41  
594  
604 395  
616 606 617 618  
606 617 618  
616  
23 15 24 25  
23 15 24 25  
23 15 24 25  
389 445  
389 445  
594  
23 693 643 527  
23 12  
27 11 370 369  
12 9  
12  
621 463 457 25  
621 463 457 25  
621 463 457 25  
621 463 457 25  
621 463 457 25  
621 463 457 25  
621 463 457 25  
25  
581 445  
581 447 446  
67  
581 447 446  
23 15 24 25  
23 15 24 25  
23 15 24 25  
389 445  
389 445  
389 463 447 445  
23  
389 23 15  
389 447 445 71 74  
349  
545 447 445 465 93 96 547 349 97 463 456 458 462  
545 447 445 465 93 96 547 349 97 463 456 458 462 71 75 459 449  
460 448 349 449 463 456 458 462  
545 447 445 465  
324  
311  
378 93 11 9 94  
11 9  
378 93 11 9 94  
378 93 11 9 94  
11 9  
378 93 11 9 94  
378 93 11 9 94  
11 9  
378 93 11 9 94  
11 9  
378 93 11 9 94  
11 9  
378 93 11 9 94  
11 9 95  
398 396  
617 618 402 404  
598 402 404  
598 402 404  
398  
398  
396  
382 404 398 396  
398 396  
397 616 606  
396  
398  
402  
607 404  
402 396  
145  
145  
153  
153  
422  
594 398 395 607 41  
389 463 447 445  
23  
389 23 15  
594 398 395 607 41  
389 463 447 445  
23  
389 23 15  
23 2  
38 37  
422  
422  
581 447 446  
67  
581 447 446  
349  
545 447 445 465 93 96 547 349 97 463 456 458 462  
545 447 445 465 93 96 547 349 97 463 456 458 462 71 75 459 449  
460 448 349 449 463 456 458 462  
545 447 445 465  
324  
311  
594  
604 395  
616 606 617 618  
606 617 618  
616  
389 447 445 71 74  
389 463 447 445  
23  
389 23 15  
541 398 322  
23 12  
389 447 693 643 644  
378 93 11 9 94  
11 9  
378 93 11 9 94  
11 9 95  
594  
604 395  
616 606 617 618  
606 617 618  
616  
594 398 395 607 41  
581 447 446  
67  
581 447 446  
397 616 606  
396  
398  
402  
607 404  
402 396  
145  
145  
153  
153  
594 398 395 607 41  
389 447 445 71 74  
389 463 447 445  
23  
389 23 15  
398 396  
617 618 402 404  
598 402 404  
598 402 404  
398  
398  
396  
541 398 322  
23 12  
389 447 693 643 644  
382 404 398 396  
398 396  
581 447 446  
67  
581 447 446  
397 616 606  
396  
398  
402  
607 404  
402 396  
145  
145  
153  
153  
398 396  
617 618 402 404  
598 402 404  
598 402 404  
398  
398  
396  
382 404 398 396  
398 396  
349  
545 447 445 465 93 96 547 349 97 463 456 458 462  
545 447 445 465 93 96 547 349 97 463 456 458 462 71 75 459 449  
460 448 349 449 463 456 458 462  
545 447 445 465  
324  
311  
621 463 457 25  
621 463 457 25  
621 463 457 25  
621 463 457 25  
621 463 457 25  
621 463 457 25  
621 463 457 25  
25  
349  
545 447 445 465 93 96 547 349 97 463 456 458 462  
545 447 445 465 93 96 547 349 97 463 456 458 462 71 75 459 449  
460 448 349 449 463 456 458 462  
545 447 445 465  
594  
594 398 395 607 41  
398 396  
617 618 402 404  
598 402 404  
598 402 404  
398  
398  
396  
382 404 398 396  
398 396  
397 616 606  
396  
398  
402  
607 404  
402 396  
145  
145  
153  
153  
541 398 322  
23 12  
389 447 693 643 644  
378 93 11 9 94  
11 9  
378 93 11 9 94  
378 93 11 9 94  
11 9  
378 93 11 9 94  
378 93 11 9 94  
11 9  
378 93 11 9 94  
11 9  
378 93 11 9 94  
11 9  
378 93 11 9 94  
378  
454 463  
378  
454 463  
454 463  
378 447 446  
447 446  
389 447 445 71 74  
389 463 447 445  
23  
389 23 15  
541 398 322  
23 12  
389 447 693 643 644  
378  
454 463  
378  
454 463  
454 463  
23 693 643 527  
23 12  
145  
145  
153  
153  
8 1 10  
11  
16  
8  
24  
25  
17  
21  
22  
23 15  
541 398 322  
23 12  
389 447 693 643 644  
23 693 643 527  
23 12  
23 15 24 25  
23 15 24 25  
23 15 24 25  
389 445  
389 445  
389 463 447 445  
23  
389 23 15  
541 398 322  
23 12  
389 447 693 643 644  
23 693 643 527  
23 12  
 
