471  
169 168 167 171 172 170  
551  
551  
545  
88 551  
443 579  
441 573 579  
441 579  
579  
441 573 579  
441 579  
579  
471  
169 168 167 171 172 170  
551  
551  
545  
88 551  
443 579  
605  
819 612  
344 340 342  
344 340 342  
344 340 342  
344 340 342  
344 340 342  
344 340 342  
415 417 421  
595  
88 595  
881 885  
951 551 340 410  
551  
881 551 885 342  
881 551 885 342  
258 563 677 821 868  
258 563 677 821 868  
589 676 288  
589 676 288  
589 676 288  
589 676 288  
605  
819 612  
344 340 342  
344 340 342  
344 340 342  
344 340 342  
344 340 342  
344 340 342  
415 417 421  
595  
88 595  
951 551 340 410  
551  
881 551 885 342  
881 551 885 342  
881 885  
471  
169 168 167 171 172 170  
551  
551  
545  
88 551  
443 579  
415 425 417  
551  
551  
344 340  
344 340 342  
344 340 342  
344 340 342  
344 340 342  
344 340 342  
344 340 342  
415 417 421  
595  
88 595  
344 340 834  
951 730 740 410  
348 268 547  
348 547  
675  
69  
591 951 348 69  
951 589 348 748  
881 563 763 577 868 885  
881 820 563 868 577 551 885  
551  
69  
820 563 868 69  
591 951 844 348 846  
844  
844 885  
846  
881 846  
589  
589  
589  
551  
619 844 551 846  
619 844 551 846  
619 844 846  
619 844 551 846  
619 844 551 846  
844 563 846  
844 563 846  
844 563 846  
619 589  
619 844 846  
881 763 885  
591 763  
763 577  
591 763  
591 763  
591 763  
763  
619 591  
619 286 551  
229 563 868  
284 551  
591 881 951 348 885  
591 881 951 348 885  
591  
763 577  
763 577  
348 763 577  
763 577  
763 577  
543  
881 951 676 348 885  
471  
551  
754 96  
754  
754  
754  
754 102  
951 78 730 740 410  
951 78 730 740 410  
96 268 76 112  
78  
88 645 211  
278 276  
88 645 211  
88  
752  
752  
752  
96 951 76 78 730 740 410  
415 425 417  
551  
551  
344 340  
344 340 342  
344 340 342  
344 340 342  
344 340 342  
344 340 342  
344 340 342  
415 417 421  
595  
88 595  
344 340 834  
951 730 740 410  
348 268 547  
348 547  
675  
69  
591 951 348 69  
951 589 348 748  
881 563 763 577 868 885  
881 820 563 868 577 551 885  
551  
69  
820 563 868 69  
591 951 844 348 846  
844  
844 885  
846  
881 846  
589  
589  
589  
551  
619 844 551 846  
619 844 551 846  
619 844 846  
619 844 551 846  
619 844 551 846  
844 563 846  
844 563 846  
844 563 846  
619 589  
619 844 846  
881 763 885  
591 763  
763 577  
591 763  
591 763  
591 763  
763  
619 591  
619 286 551  
229 563 868  
284 551  
591 881 951 348 885  
591 881 951 348 885  
591  
763 577  
763 577  
348 763 577  
763 577  
763 577  
543  
881 951 676 348 885  
471  
551  
754 96  
754  
754  
754  
754 102  
951 78 730 740 410  
951 78 730 740 410  
96 268 76 112  
78  
88 645 211  
278 276  
88 645 211  
88  
752  
752  
752  
96 76 78 738 730 740  
96 76 78 738 730 740  
96 76 78 738 730 740  
96 76 78 738 730 740  
471  
951 76 730 740 410  
76  
951 76 730 740 410  
951 76 730 740 410  
951 551 340 410  
551  
881 551 885 342  
881 551 885 342  
258 228  
258 228  
284 563 821  
563 821 868  
284 563 821 868  
250 677  
250 677  
250 677  
951 677 410  
951 677 410  
951 677 410  
951 677 410  
951 677 410  
951 677 410  
951 677 410  
951 677 410  
951 677 410  
951 677 410  
951 677 410  
951 677 410  
951 677 410  
951 677 410  
471  
752 563 276 410  
951 268 730 740 410  
951 730 740 410  
96 268 76 78  
951 730 740 410  
348 268 547  
348 547  
258 563 677 821 868  
258 563 677 821 868  
589 676 288  
589 676 288  
589 676 288  
589 676 288  
96 951 76 78 730 740 410  
258  
258  
284 563 821  
563 821 868  
284 563 821 868  
96 76 78 738 730 740  
96 76 78 738 730 740  
951 551 340 410  
551  
881 551 885 342  
881 551 885 342  
471  
551  
754 96  
754  
754  
754  
754 102  
951 78 730 740 410  
951 78 730 740 410  
96 268 76 112  
78  
88 645 211  
278 276  
88 645 211  
88  
752  
752  
752  
344 340 834  
471  
169 168 167 171 172 170  
551  
551  
545  
88 551  
443 579  
471  
951 76 730 740 410  
76  
951 76 730 740 410  
951 76 730 740 410  
76 677  
76 677  
344 340 834  
951 730 740 410  
348 268 547  
348 547  
589 676 288  
589 676 288  
589 676 288  
589 676 288  
75  
96 951 76 78 730 740 410  
69  
471  
96 193 78 645 340  
951 193 645 340 410  
881 276 885 288  
881 563 276 551 846 885 288  
193 645 340  
545 547 885  
193 645 545 547 340  
881 276 846  
193 276 645 340  
193 645 545 547 340  
415 425 417  
551  
551  
821  
821  
821  
541  
821  
821  
96 951 76 78 551 730 740 410  
96 951 76 78 551 730 740 410  
96 76 78 738 730 740  
96 76 78 738 730 740  
96 76 78 738 730 740  
96 76 78 738 730 740  
96 76 78 738 730 740  
344 340 342  
344 340 342  
344 340 342  
344 340 342  
344 340 342  
344 340 342  
415 417 421  
595  
88 595  
96 76 78 738 730 740  
96 76 78 738 730 740  
96 76 78 738 730 740  
96 76 78 738 730 740  
96 76 78 738 730 740  
415 425 417  
551  
551  
96 76 78 738 730 740  
344 340 342  
344 340 342  
344 340 342  
344 340 342  
344 340 342  
344 340 342  
415 417 421  
595  
88 595  
96 76 78 738 730 740  
96 76 78 738 730 740  
96 951 76 78 730 740 410  
471  
169 168 167 171 172 170  
551  
551  
545  
88 551  
443 579  
344 340 342  
344 340 342  
344 340 342  
344 340 342  
344 340 342  
344 340 342  
415 417 421  
595  
88 595  
344 340 342  
344 340 342  
344 340 342  
344 340 342  
344 340 342  
344 340 342  
415 417 421  
595  
88 595  
69  
951 730 740 410  
348 268 547  
348 547  
589 676 288  
589 676 288  
589 676 288  
589 676 288  
471  
169 168 167 171 172 170  
551  
551  
545  
88 551  
443 579  
471  
551  
754 96  
754  
754  
754  
754 102  
951 78 730 740 410  
951 78 730 740 410  
96 268 76 112  
78  
88 645 211  
278 276  
88 645 211  
88  
752  
752  
752  
471  
951 76 730 740 410  
76  
951 76 730 740 410  
951 76 730 740 410  
471  
169 168 167 171 172 170  
551  
551  
545  
88 551  
443 579  
471  
551  
754 96  
754  
754  
754  
754 102  
951 78 730 740 410  
951 78 730 740 410  
96 268 76 112  
78  
88 645 211  
278 276  
88 645 211  
88  
752  
752  
752  
471  
551  
754 96  
754  
754  
754  
754 102  
951 78 730 740 410  
951 78 730 740 410  
96 268 76 112  
78  
88 645 211  
278 276  
88 645 211  
88  
752  
752  
752  
76 677  
96 76 78 738 730 740  
415 425 417  
551  
551  
96 76 78 738 730 740  
96 76 78 738 730 740  
96 76 78 738 730 740  
96 76 78 738 730 740  
96 76 78 738 730 740  
344 340 342  
344 340 342  
344 340 342  
344 340 342  
344 340 342  
344 340 342  
415 417 421  
595  
88 595  
96 76 78 738 730 740  
96 76 78 738 730 740  
96 76 78 738 730 740  
96 76 78 738 730 740  
96 76 78 738 730 740  
96 76 78 738 730 740  
96 76 78 738 730 740  
96 76 78 738 730 740  
76 677  
821  
821  
821  
821  
821  
821  
96 951 76 78 551 730 740 410  
96 951 76 78 551 730 740 410  
96 951 76 78 730 740 410  
75  
471  
169 168 167 171 172 170  
551  
551  
545  
88 551  
443 579  
471  
551  
754 96  
754  
754  
754  
754 102  
951 78 730 740 410  
951 78 730 740 410  
96 268 76 112  
78  
88 645 211  
278 276  
88 645 211  
88  
752  
752  
752  
471  
951 76 730 740 410  
76  
951 76 730 740 410  
951 76 730 740 410  
415 425 417  
551  
551  
96 76 78 738 730 740  
96 76 78 738 730 740  
96 76 78 738 730 740  
96 76 78 738 730 740  
96 76 78 738 730 740  
344 340 342  
344 340 342  
344 340 342  
344 340 342  
344 340 342  
344 340 342  
415 417 421  
595  
88 595  
471  
169 168 167 171 172 170  
551  
551  
545  
88 551  
443 579  
344 340 342  
344 340 342  
344 340 342  
344 340 342  
344 340 342  
344 340 342  
415 417 421  
595  
88 595  
589 676 288  
589 676 288  
589 676 288  
589 676 288  
471  
551  
754 96  
754  
754  
754  
754 102  
951 78 730 740 410  
951 78 730 740 410  
96 268 76 112  
78  
88 645 211  
278 276  
88 645 211  
88  
752  
752  
752  
344 340 342  
344 340 342  
344 340 342  
344 340 342  
344 340 342  
344 340 342  
415 417 421  
595  
88 595  
589 676 288  
589 676 288  
589 676 288  
589 676 288  
415 425 417  
551  
551  
589 676 288  
589 676 288  
589 676 288  
589 676 288  
471  
551  
754 96  
754  
754  
754  
754 102  
951 78 730 740 410  
951 78 730 740 410  
96 268 76 112  
78  
88 645 211  
278 276  
88 645 211  
88  
752  
752  
752  
471  
951 76 730 740 410  
76  
951 76 730 740 410  
951 76 730 740 410  
471  
551  
754 96  
754  
754  
754  
754 102  
951 78 730 740 410  
951 78 730 740 410  
96 268 76 112  
78  
88 645 211  
278 276  
88 645 211  
88  
752  
752  
752  
819 612  
551  
344 340  
344 340 342  
344 340 342  
344 340 342  
344 340 342  
344 340 342  
344 340 342  
344 340 342  
344 340 342  
415 417 421  
595  
88 595  
881 885  
344 340 834  
951 551 340 410  
551  
881 551 885 342  
881 551 885 342  
471  
752 563 276 410  
951 268 730 740 410  
951 730 740 410  
96 268 76 78  
951 730 740 410  
348 268 547  
348 547  
951 730 740 410  
348 268 547  
348 547  
675  
69  
591 951 348 69  
951 589 348 748  
881 563 763 577 868 885  
881 820 563 868 577 551 885  
551  
69  
820 563 868 69  
591 951 844 348 846  
844  
844 885  
846  
881 846  
589  
589  
589  
551  
619 844 551 846  
619 844 551 846  
619 844 846  
619 844 551 846  
619 844 551 846  
844 563 846  
844 563 846  
844 563 846  
619 589  
619 844 846  
881 763 885  
591 763  
763 577  
591 763  
591 763  
591 763  
763  
619 591  
619 286 551  
229 563 868  
284 551  
591 881 951 348 885  
591 881 951 348 885  
591  
763 577  
763 577  
348 763 577  
763 577  
763 577  
543  
881 951 676 348 885  
441 573 579  
441 579  
579  
543  
543  
258 563 677 821 868  
258 563 677 821 868  
589 676 288  
589 676 288  
589 676 288  
589 676 288  
471  
169 168 167 171 172 170  
595  
88  
595 643 545  
543  
96 106 100  
819 612  
551  
344 340  
344 340 342  
344 340 342  
344 340 342  
344 340 342  
344 340 342  
344 340 342  
344 340 342  
344 340 342  
415 417 421  
595  
88 595  
471  
951 76 730 740 410  
76  
951 76 730 740 410  
951 76 730 740 410  
951 551 340 410  
551  
881 551 885 342  
881 551 885 342  
951 730 740 410  
348 268 547  
348 547  
821  
821  
821  
541  
821  
821  
96 951 76 78 551 730 740 410  
96 951 76 78 551 730 740 410  
96 951 76 78 730 740 410  
96  
96  
96 76 78 738 730 740  
96 76 78 738 730 740  
96 76 78 738 730 740  
96 76 78 738 730 740  
951 551 340 410  
551  
881 551 885 342  
881 551 885 342  
951 730 740 410  
348 268 547  
348 547  
821  
821  
821  
541  
821  
821  
96 951 76 78 551 730 740 410  
96 951 76 78 551 730 740 410  
96 951 76 78 730 740 410  
96  
96  
96 76 78 738 730 740  
96 76 78 738 730 740  
96 76 78 738 730 740  
96 76 78 738 730 740  
471  
169 168 167 171 172 170  
551  
551  
545  
88 551  
443 579  
415 425 417  
551  
551  
344 340  
344 340 834  
75  
344 340  
344 340 834  
75  
918 924 936 916 920 912 914 906 922 932  
1000 925  
918 924 936 916 920 938 912 914 906 922 932  
1000 925  
918 946 924 936 916 920 938 912 914 906 922 932  
1000 925  
934 916 936 924 920 912 938 914 906 940 942 932 918 922  
1000 925  
918 924 936 916 920 938 912 914 906 922 932  
1000 925  
946 944 916 936 924 920 912 914 906 940 932 942 918 922  
925  
946 944 916 936 924 920 912 914 906 940 932 942 918 922  
925  
918 934 924 936 916 920 938 912 914 906 922 932  
1000 925  
918 924 936 916 920 912 914 906 922 932  
1000 925  
918 924 936 916 920 912 914 906 922 932  
1000 925  
918 944 934 924 936 916 920 912 914 906 922 932  
1000 925  
944 916 936 924 920 912 938 914 906 940 932 918 922  
413  
1000 925  
934 916 936 924 920 912 938 914 906 940 942 932 918 922  
1000 925  
906 940  
951  
986 1003  
1002 986 1003 1004  
1002 986 1003 1004  
1002 986 1003  
1002  
986 1003  
986 1003  
918 924 936 916 920 912 914 906 940 942 922 932  
1000 925  
918 924 936 916 920 912 914 906 942 922 932  
1000 925  
934 916 936 924 920 912 938 914 906 940 942 932 918 922  
925  
918 944 924 936 916 920 912 914 906 922 932  
939 1000 925  
934 916 936 924 920 912 914 906 940 932 942 918 922  
1000 925  
918 924 936 916 920 912 914 906 940 942 922 932  
1000 925  
918 924 936 916 920 912 914 906 922 932  
1000 925  
934 916 936 924 920 912 914 906 940 932 942 918 922  
1000 925  
918 924 936 916 920 912 914 906 922 932  
1000 925  
918 924 936 916 920 938 912 914 906 922 932  
1000 925  
918 934 924 936 916 920 912 914 906 942 922 932  
1000 925  
934 916 936 924 920 912 914 906 940 932 942 918 922  
1000 925  
918 934 924 936 916 920 912 914 906 942 922 932  
1000 925  
934 916 936 924 920 912 938 914 906 940 942 932 918 922  
1000 925  
918 924 936 916 920 912 914 906 922 932  
1000 925  
934 916 936 924 920 912 938 914 906 940 942 932 918 922  
1000 925  
918 924 936 916 920 912 914 906 922 932  
1000 925  
918 924 936 916 920 912 914 906 922 932  
1000 925  
918 934 924 936 916 920 938 912 914 906 922 932  
1000 925  
918 934 924 936 916 920 938 912 914 906 922 932  
1000 925  
918 924 936 916 920 912 914 906 922 932  
1000 925  
1000 925  
918 944 924 936 916 920 938 912 914 906 922 932  
1000 925  
918 924 936 916 920 912 914 906 922 932  
1000 925  
918 924 936 916 920 912 914 906 940 942 922 932  
1000 925  
918 924 936 916 920 912 914 906 940 942 922 932  
1000 925  
944 916 936 924 920 912 938 914 906 942 932 918 952 922  
1000 925  
934 916 936 924 920 912 938 914 906 940 942 932 918 922  
1000 925  
918 924 936 916 920 938 912 914 906 922 932  
1003  
1000 925  
918 924 936 916 920 938 912 914 906 910 922 932  
1000 925  
934 916 936 924 920 912 914 906 940 932 942 918 922  
1005  
1005  
1000 925  
918 944 924 936 916 920 912 914 906 942 922 932  
1000 925  
918 934 924 936 916 920 938 912 914 906 922 932  
1000 925  
918 924 936 916 920 912 914 906 922 932  
1000 925  
918 924 936 916 920 938 912 914 906 922 932  
1000 925  
944 916 936 924 920 912 938 914 906 940 932 918 922  
1000 925  
906 940  
934 916 936 924 920 912 938 914 906 940 942 932 918 922  
1000 925  
934 916 936 924 920 912 938 914 906 940 942 932 918 922  
1000 925  
951  
918 944 924 936 916 920 912 914 906 922 932  
1000 925  
918 924 936 916 920 912 914 906 922 932  
1000 925  
944 934 916 936 924 920 912 914 906 940 932 942 918 922  
1000 925  
946 944 934 916 936 924 920 912 914 906 940 932 942 918 922  
929 939 1000 925  
1000 925  
1000  
918 944 924 936 916 920 938 912 914 906 922 932  
1000 925  
934 916 936 924 920 912 914 906 940 932 942 918 922  
1000 925  
918 944 924 936 916 920 938 912 914 906 922 932  
1000 925  
934 916 936 924 920 912 938 914 906 940 942 932 918 922  
1000 925  
918 924 936 916 920 912 914 906 922 932  
925  
918 924 936 916 920 912 914 906 922 932  
1000 925  
918 924 936 916 920 912 914 906 922 932  
1000 925  
918 924 936 916 920 912 914 906 922 932  
1000 925  
918 924 936 916 920 912 914 906 922 932  
1000 925  
918 924 936 916 920 912 914 906 922 932  
1000 925  
918 924 936 916 920 912 914 906 922 932  
1000 925  
918 924 936 916 920 912 914 906 922 932  
1000 925  
918 924 936 916 920 912 914 906 922 932  
1000 925  
918 924 936 916 920 912 914 906 922 932  
1000 925  
918 924 936 916 920 912 914 906 922 932  
1000 925  
918 924 936 916 920 912 914 906 922 932  
925  
1000 925  
918 924 936 916 920 912 914 906 922 932  
925  
1000 925  
944 934 916 936 924 920 912 938 914 906 940 932 918 922  
1000 925  
918 934 924 936 916 920 912 914 906 922 932  
1000 925  
918 924 936 916 920 912 914 906 940 922 932  
1000 925  
916 936 924 920 912 938 914 906 940 932 942 918 922  
1000 925  
918 924 936 916 920 912 914 906 940 942 922 932  
1000 925  
918 924 936 916 920 912 914 906 940 942 922 932  
1000 925  
918 924 936 916 920 912 914 906 940 942 922 932  
1000 925  
918 924 936 916 920 912 914 906 940 942 922 932  
1000 925  
918 924 936 916 920 912 914 906 940 942 922 932  
1000 925  
918 924 936 916 920 912 914 906 940 942 922 932  
1000 925  
918 924 936 916 920 912 914 906 940 942 922 932  
1000 925  
918 924 936 916 920 912 914 906 940 942 922 932  
1000 925  
918 944 924 936 916 920 938 912 914 906 922 932  
1003  
1000 925  
946 944 916 936 924 920 912 938 914 906 940 932 942 918 922  
925  
918 944 924 936 916 920 912 914 906 922 932  
1000 925  
944 916 936 924 920 912 914 906 910 932 942 918 922  
1000 925  
918 924 936 916 920 912 914 906 940 942 922 932  
1000 925  
918 924 936 916 920 912 914 906 940 942 922 932  
1000 925  
951  
951  
918 924 936 916 920 912 914 906 940 942 922 932  
1000 925  
918 924 936 916 920 912 914 906 940 942 922 932  
1000 925  
918 924 936 916 920 912 914 906 940 942 922 932  
1000 925  
918 924 936 916 920 912 914 906 922 932  
1000 925  
944 946 916 936 924 920 912 914 906 940 932 918 922  
1000 925  
944 946 916 936 924 920 912 914 906 940 932 918 922  
1000 925  
918 944 924 936 916 920 912 914 906 922 932  
939 1000 925  
944 946 916 936 924 920 912 914 906 940 932 918 922  
1000 925  
934 916 936 924 920 912 914 906 940 932 942 918 922  
1000 925  
934 916 936 924 920 912 938 914 906 940 942 932 918 922  
1000 925  
934 916 936 924 920 912 914 906 940 932 942 918 922  
1000 925  
918 924 936 916 920 912 914 906 922 932  
1000 925  
944 946 916 936 924 920 912 914 906 940 932 918 922  
1000 925  
918 924 936 916 920 938 912 914 906 940 922 932  
1000 925  
918 924 936 916 920 912 914 906 940 942 922 932  
1000 925  
934 916 936 924 920 912 938 914 906 940 932 942 918 922  
1000 925  
918 946 944 924 936 916 920 912 914 906 922 932  
929 1000 925  
918 934 924 936 916 920 938 912 914 906 922 932  
1000 925  
944 946 916 936 924 920 912 938 914 906 932 918 922  
1000 925  
944 946 916 936 924 920 912 938 914 906 932 918 922  
1000 925  
918 934 924 936 916 920 938 912 914 906 922 932  
1000 925  
918 934 924 936 916 920 938 912 914 906 922 932  
1000 925  
918 924 936 916 920 912 914 906 940 942 922 932  
1000 925  
918 934 924 936 916 920 938 912 914 906 922 932  
1000 925  
918 934 924 936 916 920 938 912 914 906 922 932  
1000 925  
918 934 924 936 916 920 938 912 914 906 922 932  
1000 925  
918 924 936 916 920 938 912 914 906 922 932  
1000 925  
934 916 936 924 920 912 938 914 906 940 942 932 918 922  
1000 925  
918 944 924 936 916 920 938 912 914 906 922 932  
1000 925  
918 944 924 936 916 920 938 912 914 906 922 932  
1000 925  
1000 925  
934 916 936 924 920 912 938 914 906 940 942 932 918 922  
1000 925  
944 946 916 936 924 920 912 938 914 906 942 932 918 922  
1000 925  
944 934 916 936 924 920 912 938 914 906 932 918 922  
1000 925  
944 934 916 936 924 920 912 938 914 906 932 918 922  
1000 925  
918 934 924 936 916 920 938 912 914 906 922 932  
1000 925  
918 934 924 936 916 920 938 912 914 906 922 932  
1000 925  
918 944 924 936 916 920 912 914 906 922 932  
1000 925  
951  
951  
951  
951  
944 934 916 936 924 920 912 938 914 906 940 932 918 922  
1000 925  
918 934 924 936 916 920 938 912 914 906 922 932  
1000 925  
918 934 924 936 916 920 938 912 914 906 922 932  
1000 925  
918 924 936 916 920 912 914 906 922 932  
929 1000 925  
918 924 936 916 920 912 914 906 922 932  
1000 925  
918 924 936 916 920 912 914 906 940 942 922 932  
1000 925  
918 924 936 916 920 912 914 906 942 922 932  
1000 925  
916 936 924 920 912 938 914 906 940 932 942 918 922  
1000 925  
918 924 936 916 920 912 914 906 922 932  
1000 925  
918 924 936 916 920 912 914 906 922 932  
1000 925  
918 924 936 916 920 912 914 906 922 932  
925  
1000 925  
918 924 936 916 920 912 914 906 922 932  
925  
1000 925  
916 936 924 920 912 938 914 906 940 932 942 918 922  
1000 925  
934 916 936 924 920 912 938 914 906 940 932 942 918 922  
1000 925  
944 916 936 924 920 912 938 914 906 932 942 918 922  
1003  
1005  
1000 925  
918 934 924 936 916 920 938 912 914 906 922 932  
1000 925  
918 934 924 936 916 920 938 912 914 906 922 932  
1000 925  
918 934 924 936 916 920 938 912 914 906 922 932  
925  
918 934 924 936 916 920 938 912 914 906 922 932  
925  
918 924 936 916 920 912 914 906 922 932  
1000 925  
1003  
1002 1003 1004  
1002 1003 1004  
1002 1003  
1002  
1003  
1003  
916 936 924 920 912 914 906 954 940 932 942 918 922  
1000 925  
918 934 924 936 916 920 912 914 906 940 922 932  
1000 925  
946 944 934 916 936 924 920 912 938 914 906 932 918 922  
1000 925  
918 924 936 916 920 912 914 906 922 932  
1000 925  
934 916 936 924 920 912 938 914 906 940 942 932 918 922  
925  
918 924 936 916 920 938 912 914 906 922 932  
925  
918 924 936 916 920 938 912 914 906 922 932  
925  
918 924 936 916 920 912 914 906 922 932  
1000 925  
934 916 936 924 920 912 938 914 906 940 942 932 918 922  
925  
918 934 924 936 916 920 938 912 914 906 922 932  
925  
918 934 924 936 916 920 938 912 914 906 922 932  
925  
918 924 936 916 920 912 914 906 942 922 932  
1000 925  
918 924 936 916 920 912 914 906 942 922 932  
1005  
1005  
1000 925  
916 936 924 920 912 914 906 940 910 932 942 918 922  
1000 925  
918 934 924 936 916 920 938 912 914 906 922 932  
925  
918 944 924 936 916 920 938 912 914 906 922 932  
1005  
1000 925  
918 944 924 936 916 920 938 912 914 906 922 932  
1000 925  
918 944 924 936 916 920 938 912 914 906 922 932  
1005  
1000 925  
918 944 924 936 916 920 938 912 914 906 922 932  
1005  
1000 925  
918 944 924 936 916 920 938 912 914 906 922 932  
1000 925  
934 916 936 924 920 912 914 906 940 932 942 918 922  
1002 925  
918 924 936 916 920 912 914 906 940 942 922 932  
1000 925  
918 924 936 916 920 912 914 906 940 942 922 932  
1000 925  
918 924 936 916 920 912 914 906 940 942 922 932  
1000 925  
1002 1004  
1002 1004  
1002  
1002  
918 946 944 924 936 916 920 912 914 906 922 932  
1001 925  
1003  
1002 1003 1004  
1002 1003 1004  
1002 1003  
1002  
1003  
1003  
918 946 944 924 936 916 920 912 914 906 922 932  
1000 925  
918 946 944 924 936 916 920 912 914 906 922 932  
1000 925  
918 924 936 916 920 912 914 906 922 932  
1000 925  
918 946 944 924 936 916 920 912 914 906 922 932  
1000 925  
918 946 944 924 936 916 920 912 914 906 922 932  
1000 925  
918 924 936 916 920 912 914 906 940 942 922 932  
1000 925  
918 946 944 924 936 916 920 912 914 906 922 932  
1000 925  
918 924 936 916 920 912 914 906 922 932  
1000 925  
918 946 944 924 936 916 920 912 914 906 922 932  
1000 925  
918 946 944 924 936 916 920 912 914 906 922 932  
1000 925  
918 924 936 916 920 912 914 906 922 932  
1000 925  
918 924 936 916 920 912 914 906 942 922 932  
1000 925  
946 944 934 916 936 924 920 912 914 906 940 932 942 918 922  
929 939 1000 925  
918 944 924 936 916 920 938 912 914 906 922 932  
1000 925  
1000  
1000  
1000  
934 916 936 924 920 912 938 914 906 940 942 932 918 922  
1000 925  
918 944 924 936 916 920 912 914 906 942 922 932  
1000 925  
934 916 936 924 920 912 938 914 906 940 942 932 918 922  
1000 925  
906 940  
1000 925  
951  
918 944 934 924 936 916 920 912 914 906 922 932  
1000 925  
934 916 936 924 920 912 938 914 906 940 942 932 918 922  
1000 925  
906 940  
1000 925  
951  
918 924 936 916 920 912 914 906 940 942 922 932  
1000 925  
934 916 936 924 920 912 938 914 906 940 942 932 918 922  
1000 925  
918 944 924 936 916 920 938 912 914 906 922 932  
1000 925  
918 924 936 916 920 912 914 906 940 942 922 932  
1000 925  
934 916 936 924 920 912 938 914 906 940 942 932 918 922  
925  
918 924 936 916 920 912 914 906 940 942 922 932  
1000 925  
918 944 924 936 916 920 912 914 906 942 922 932  
1000 925  
986 985  
934 916 936 924 920 912 938 914 906 940 942 932 918 922  
1000 925  
918 944 934 924 936 916 920 912 914 906 922 932  
1000 925  
986 985  
1000  
918 924 936 916 920 912 914 906 940 942 922 932  
1000 925  
986 985  
1002  
1000  
1000  
1002 1000  
986 985  
1003  
986 985  
1002  
1000  
1000  
1002 1000  
918 924 936 916 920 912 914 906 940 942 922 932  
1000 925  
918 924 936 916 920 912 914 906 940 942 922 932  
1000 925  
986 985  
986 985  
918 924 936 916 920 912 914 906 922 932  
1000 925  
934 916 936 924 920 912 938 914 906 940 942 932 918 922  
1000 925  
918 944 924 936 916 920 912 914 906 922 932  
939 1000 925  
986 985  
946 944 916 936 924 920 912 914 906 940 932 942 918 922  
925  
986 985  
1000  
1002  
1000  
1002 1000  
1002 1000  
934 916 936 924 920 912 914 906 940 932 942 918 922  
1000 925  
918 946 924 936 916 920 938 912 914 906 922 932  
1000 925  
986 985  
1000  
1002  
1000  
1002 1000  
1002 1000  
986 985  
934 916 936 924 920 912 938 914 906 940 942 932 918 922  
1000 925  
918 924 936 916 920 938 912 914 906 922 932  
1000 925  
986 985  
946 944 916 936 924 920 912 914 906 940 932 942 918 922  
925  
986 985  
1000  
1000  
1000  
934 916 936 924 920 912 914 906 940 932 942 918 922  
1000 925  
918 924 936 916 920 912 914 906 922 932  
1000 925  
986 985  
918 924 936 916 920 912 914 906 922 932  
1000 925  
986 985  
944 934 916 936 924 920 912 914 906 940 932 942 918 922  
1000 925  
986 985  
1000  
1000  
1000  
918 924 936 916 920 912 914 906 922 932  
1000 925  
986 985  
986 985  
1000  
1000  
1000  
1000  
986 985  
1002  
1000  
1002 1000  
986 985  
1000  
1000  
1000  
1000  
986 985  
1000  
1002  
1000  
1002 1000  
1002 1000  
918 924 936 916 920 912 914 906 922 932  
1000 925  
986 985  
918 934 924 936 916 920 938 912 914 906 922 932  
1000 925  
918 924 936 916 920 912 914 906 922 932  
925  
986 985  
986 985  
986 985  
1002  
1000  
1002 1000  
934 916 936 924 920 912 914 906 940 932 942 918 922  
1000 925  
986 985  
1002  
1000  
1000  
1002 1000  
918 924 936 916 920 912 914 906 940 942 922 932  
925  
918 944 934 924 936 916 920 912 914 906 922 932  
1000 925  
986 985  
1000  
986 985  
1000  
1000  
1000  
946 944 916 936 924 920 912 914 906 940 932 942 918 922  
1000 925  
918 924 936 916 920 912 914 906 922 932  
1000 925  
986 985  
986 985  
986 985  
1002 1000  
918 924 936 916 920 912 914 906 922 932  
1000 925  
918 924 936 916 920 912 914 906 940 942 922 932  
1000 925  
986 985  
986 985  
986 985  
934 916 936 924 920 912 938 914 906 940 942 932 918 922  
1000 925  
986 985  
918 924 936 916 920 912 914 906 922 932  
1000 925  
986 985  
918 946 944 924 936 916 920 912 914 906 922 932  
1001 925  
986 985  
986 985  
986 985  
1002  
1000  
1002 1000  
918 924 936 916 920 912 914 906 942 922 932  
1000 925  
918 934 924 936 916 920 912 914 906 942 922 932  
1000 925  
986 985  
1000  
1002  
1000  
1002 1000  
1002 1000  
934 916 936 924 920 912 914 906 940 932 942 918 922  
1000 925  
986 985  
918 934 924 936 916 920 912 914 906 942 922 932  
1000 925  
986 985  
1002  
1000  
1002 1000  
934 916 936 924 920 912 938 914 906 940 942 932 918 922  
1000 925  
918 924 936 916 920 912 914 906 922 932  
1000 925  
986 985  
986 985  
986 985  
1002  
1000  
1002 1000  
986 985  
1002  
1000  
1002 1000  
918 924 936 916 920 912 914 906 922 932  
1000 925  
918 924 936 916 920 912 914 906 922 932  
1000 925  
986 985  
918 944 924 936 916 920 938 912 914 906 922 932  
1000 925  
918 924 936 916 920 912 914 906 922 932  
1000 925  
918 924 936 916 920 912 914 906 940 942 922 932  
1000 925  
918 924 936 916 920 912 914 906 940 942 922 932  
1000 925  
986 985  
1002  
1000  
1002 1000  
986 985  
918 924 936 916 920 912 914 906 922 932  
1000 925  
944 916 936 924 920 912 938 914 906 942 932 918 952 922  
1000 925  
986 985  
918 924 936 916 920 912 914 906 922 932  
1000 925  
986 985  
934 916 936 924 920 912 914 906 940 932 942 918 922  
1005  
1005  
1000 925  
986 985  
1002  
1000  
1002 1000  
918 944 924 936 916 920 912 914 906 942 922 932  
1000 925  
986 985  
1002  
1000  
1002 1000  
918 924 936 916 920 912 914 906 922 932  
1000 925  
986 985  
918 946 944 924 936 916 920 912 914 906 922 932  
1001 925  
986 985  
986 985  
918 924 936 916 920 912 914 906 922 932  
1000 925  
986 985  
918 934 924 936 916 920 938 912 914 906 922 932  
1000 925  
986 985  
986 985  
1002  
1000  
986 985  
1003  
986 985  
1003  
918 944 924 936 916 920 912 914 906 922 932  
1000 925  
918 924 936 916 920 912 914 906 922 932  
1000 925  
918 924 936 916 920 912 914 906 922 932  
1000 925  
986 985  
986 985  
986 985  
1000  
1002  
1000  
1002 1000  
1002 1000  
986 985  
944 934 916 936 924 920 912 914 906 940 932 942 918 922  
1000 925  
986 985  
1002  
1000  
1002 1000  
946 944 934 916 936 924 920 912 914 906 940 932 942 918 922  
929 939 1000 925  
986 985  
1002  
1000  
1002 1000  
986 985  
1002  
1000  
1002 1000  
986 985  
1002  
1000  
1002 1000  
918 924 936 916 920 912 914 906 940 942 922 932  
1000 925  
918 924 936 916 920 912 914 906 940 942 922 932  
1000 925  
986 985  
1002  
1000  
1002 1000  
951  
951  
918 924 936 916 920 912 914 906 940 942 922 932  
1000 925  
986 985  
1002  
1000  
1002 1000  
986 985  
1002  
1000  
1002 1000  
918 924 936 916 920 912 914 906 940 942 922 932  
1000 925  
986 985  
1002  
1000  
1002 1000  
918 924 936 916 920 912 914 906 940 942 922 932  
1000 925  
918 924 936 916 920 912 914 906 922 932  
925  
986 985  
1002  
1000  
1002 1000  
918 924 936 916 920 912 914 906 922 932  
1000 925  
986 985  
986 985  
918 924 936 916 920 912 914 906 922 932  
1000 925  
918 924 936 916 920 912 914 906 922 932  
1000 925  
918 924 936 916 920 912 914 906 922 932  
1000 925  
918 924 936 916 920 912 914 906 922 932  
1000 925  
986 985  
1002  
1000  
1002 1000  
918 924 936 916 920 912 914 906 922 932  
1000 925  
986 985  
918 924 936 916 920 912 914 906 922 932  
1000 925  
918 924 936 916 920 912 914 906 922 932  
925  
1000 925  
986 985  
1002  
1000  
1002 1000  
986 985  
918 924 936 916 920 912 914 906 922 932  
925  
1000 925  
918 924 936 916 920 912 914 906 922 932  
1000 925  
986 985  
986 985  
986 985  
918 924 936 916 920 912 914 906 940 942 922 932  
1000 925  
918 924 936 916 920 912 914 906 940 942 922 932  
1000 925  
934 916 936 924 920 912 938 914 906 940 942 932 918 922  
1000 925  
986 985  
1000  
1002  
1000  
1002 1000  
1002 1000  
934 916 936 924 920 912 914 906 940 932 942 918 922  
1000 925  
918 934 924 936 916 920 912 914 906 922 932  
1000 925  
986 985  
986 985  
918 924 936 916 920 912 914 906 940 922 932  
1000 925  
986 985  
1001 1003  
1001 1003  
1003  
1001  
1001 1003  
918 924 936 916 920 912 914 906 940 942 922 932  
1000 925  
918 924 936 916 920 912 914 906 940 942 922 932  
1000 925  
918 924 936 916 920 912 914 906 940 942 922 932  
1000 925  
918 924 936 916 920 912 914 906 940 942 922 932  
1000 925  
986 985  
1002  
1000  
1002 1000  
918 924 936 916 920 912 914 906 940 942 922 932  
1000 925  
986 985  
1002  
1000  
1002 1000  
918 924 936 916 920 912 914 906 940 942 922 932  
1000 925  
986 985  
1002  
1000  
1002 1000  
986 985  
1002  
1000  
1002 1000  
986 985  
918 944 924 936 916 920 938 912 914 906 922 932  
1003  
1000 925  
944 916 936 924 920 912 914 906 910 932 942 918 922  
1000 925  
986 985  
918 924 936 916 920 912 914 906 940 942 922 932  
1000 925  
986 985  
986 985  
944 946 916 936 924 920 912 914 906 940 932 918 922  
1000 925  
986 985  
944 946 916 936 924 920 912 914 906 940 932 918 922  
1000 925  
918 924 936 916 920 912 914 906 922 932  
1000 925  
944 946 916 936 924 920 912 914 906 940 932 918 922  
1000 925  
986 985  
918 924 936 916 920 912 914 906 922 932  
1000 925  
986 985  
1000  
1000  
1000  
986 985  
986 985  
1000  
1000  
918 924 936 916 920 912 914 906 942 922 932  
1000 925  
918 944 924 936 916 920 938 912 914 906 922 932  
1005  
1000 925  
986 985  
1000  
1000  
918 944 924 936 916 920 938 912 914 906 922 932  
1005  
1000 925  
986 985  
1000  
1000  
918 944 924 936 916 920 938 912 914 906 922 932  
1005  
1000 925  
986 985  
1000  
1000  
918 944 924 936 916 920 938 912 914 906 922 932  
1005  
1000 925  
918 944 924 936 916 920 938 912 914 906 922 932  
1000 925  
934 916 936 924 920 912 914 906 940 932 942 918 922  
1002 925  
986 985  
934 916 936 924 920 912 938 914 906 940 942 932 918 922  
1000 925  
986 985  
918 924 936 916 920 912 914 906 940 942 922 932  
1000 925  
934 916 936 924 920 912 938 914 906 940 942 932 918 922  
1000 925  
986 985  
1002  
1000  
1002 1000  
986 985  
918 924 936 916 920 912 914 906 940 942 922 932  
1000 925  
918 924 936 916 920 912 914 906 940 942 922 932  
1000 925  
918 924 936 916 920 912 914 906 940 942 922 932  
1000 925  
986 985  
918 946 944 924 936 916 920 912 914 906 922 932  
1001 925  
986 985  
986 985  
986 985  
918 946 944 924 936 916 920 912 914 906 922 932  
1001 925  
986 985  
918 924 936 916 920 912 914 906 940 942 922 932  
1000 925  
918 924 936 916 920 912 914 906 940 942 922 932  
1000 925  
986 985  
1002  
1000  
1002 1000  
918 946 944 924 936 916 920 912 914 906 922 932  
1000 925  
986 985  
918 946 944 924 936 916 920 912 914 906 922 932  
1000 925  
918 924 936 916 920 912 914 906 922 932  
1000 925  
918 946 944 924 936 916 920 912 914 906 922 932  
1000 925  
918 946 944 924 936 916 920 912 914 906 922 932  
1000 925  
918 946 944 924 936 916 920 912 914 906 922 932  
1000 925  
918 924 936 916 920 912 914 906 922 932  
1000 925  
918 946 944 924 936 916 920 912 914 906 922 932  
1000 925  
918 946 944 924 936 916 920 912 914 906 922 932  
1000 925  
986 985  
918 924 936 916 920 912 914 906 922 932  
1000 925  
986 985  
1002  
1000  
1002 1000  
946 944 934 916 936 924 920 912 914 906 940 932 942 918 922  
929 939 1000 925  
918 944 924 936 916 920 938 912 914 906 922 932  
1000 925  
1000  
1000  
1000  
934 916 936 924 920 912 938 914 906 940 942 932 918 922  
1000 925  
986 985  
986 985  
1000  
1002  
1000  
1002 1000  
1002 1000  
934 916 936 924 920 912 914 906 940 932 942 918 922  
1000 925  
986 985  
918 924 936 916 920 912 914 906 922 932  
1000 925  
918 924 936 916 920 912 914 906 942 922 932  
1000 925  
944 946 916 936 924 920 912 938 914 906 932 918 922  
1000 925  
944 946 916 936 924 920 912 938 914 906 932 918 922  
1000 925  
999  
999  
999  
918 924 936 916 920 912 914 906 922 932  
1000 925  
918 944 924 936 916 920 938 912 914 906 922 932  
1000 925  
934 916 936 924 920 912 938 914 906 940 942 932 918 922  
1000 925  
1000  
1000  
918 944 924 936 916 920 938 912 914 906 922 932  
1000 925  
1000  
1000  
1003  
1003  
1003  
1003  
986 985  
918 934 924 936 916 920 938 912 914 906 922 932  
1000 925  
934 916 936 924 920 912 938 914 906 940 942 932 918 922  
1000 925  
918 934 924 936 916 920 938 912 914 906 922 932  
1000 925  
918 934 924 936 916 920 938 912 914 906 922 932  
1000 925  
918 934 924 936 916 920 938 912 914 906 922 932  
1000 925  
918 934 924 936 916 920 938 912 914 906 922 932  
1000 925  
918 934 924 936 916 920 938 912 914 906 922 932  
1000 925  
918 924 936 916 920 938 912 914 906 922 932  
1000 925  
934 916 936 924 920 912 938 914 906 940 942 932 918 922  
1000 925  
934 916 936 924 920 912 938 914 906 940 942 932 918 922  
1000 925  
1000  
1000  
918 944 924 936 916 920 938 912 914 906 922 932  
1000 925  
934 916 936 924 920 912 938 914 906 940 942 932 918 922  
1000 925  
1000  
1000  
918 944 924 936 916 920 938 912 914 906 922 932  
1000 925  
986 985  
1003  
1003  
1003  
1003  
1000 925  
1000  
1000 925  
1000  
1000 925  
1000  
918 924 936 916 920 912 914 906 922 932  
925  
986 985  
918 944 924 936 916 920 912 914 906 922 932  
1000 925  
918 944 924 936 916 920 912 914 906 922 932  
1000 925  
986 985  
944 916 936 924 920 912 914 906 940 932 942 918 922  
1000 925  
934 916 936 924 920 912 914 906 940 932 942 918 922  
1000 925  
986 985  
1000  
1002  
1000  
1002 1000  
1002 1000  
986 985  
1002  
1000  
1002 1000  
934 916 936 924 920 912 938 914 906 940 942 932 918 922  
1000 925  
1003  
1003  
1003  
1003  
944 916 936 924 920 912 938 914 906 940 932 918 922  
1000 925  
1000 925  
951  
1001  
918 944 924 936 916 920 912 914 906 922 932  
1000 925  
918 924 936 916 920 912 914 906 922 932  
1000 925  
986 985  
1002  
1000  
986 985  
1003  
944 946 916 936 924 920 912 938 914 906 942 932 918 922  
1000 925  
986 985  
1002  
1000  
1002 1000  
918 924 936 916 920 912 914 906 922 932  
1000 925  
918 924 936 916 920 912 914 906 940 942 922 932  
1000 925  
918 924 936 916 920 912 914 906 922 932  
1000 925  
934 916 936 924 920 912 914 906 940 932 942 918 922  
1000 925  
986 985  
1000  
1002  
1000  
1002 1000  
1002 1000  
986 985  
1002  
1000  
1002 1000  
986 985  
1006 999  
1000 925  
1003  
1003  
1003  
1003  
918 924 936 916 920 912 914 906 922 932  
1000 925  
986 985  
918 924 936 916 920 912 914 906 922 932  
1000 925  
986 985  
918 944 924 936 916 920 912 914 906 922 932  
1005  
925  
986 985  
1006 999  
944 934 916 936 924 920 912 938 914 906 932 918 922  
1000 925  
918 924 936 916 920 938 912 914 906 942 922 932  
1000 925  
944 934 916 936 924 920 912 938 914 906 932 918 922  
1000 925  
918 934 924 936 916 920 938 912 914 906 922 932  
1000 925  
918 934 924 936 916 920 938 912 914 906 922 932  
1000 925  
934 916 936 924 920 912 938 914 906 940 942 932 918 922  
1000 925  
1003  
1003  
1003  
1003  
934 916 936 924 920 912 938 914 906 940 942 932 918 922  
1000 925  
1000  
1000  
1000  
1000  
918 944 924 936 916 920 938 912 914 906 922 932  
1000 925  
918 944 924 936 916 920 938 912 914 906 922 932  
1000 925  
1003  
1003  
1003  
1003  
918 934 924 936 916 920 938 912 914 906 922 932  
1000 925  
918 934 924 936 916 920 938 912 914 906 922 932  
1000 925  
986 985  
1000  
1000  
1000  
918 946 944 924 936 916 920 912 914 906 922 932  
1001 925  
918 946 944 924 936 916 920 912 914 906 922 932  
1001 925  
918 946 944 924 936 916 920 912 914 906 922 932  
1001 925  
918 924 936 916 920 912 914 906 922 932  
1000 925  
918 924 936 916 920 912 914 906 922 932  
1000 925  
934 916 936 924 920 912 938 914 906 940 942 932 918 922  
1000 925  
986 985  
986 985  
918 924 936 916 920 912 914 906 922 932  
1000 925  
918 924 936 916 920 912 914 906 922 932  
925  
918 946 944 924 936 916 920 912 914 906 922 932  
925  
986 985  
1002  
1000  
1002 1000  
986 985  
1002  
1000  
1002 1000  
1000  
1000  
918 944 924 936 916 920 938 912 914 906 922 932  
1000 925  
918 944 934 924 936 916 920 912 914 906 922 932  
1000 925  
986 985  
1000  
1000  
1006 999  
918 924 936 916 920 938 912 914 906 922 932  
1000 925  
918 934 924 936 916 920 938 912 914 906 922 932  
1000 925  
918 934 924 936 916 920 938 912 914 906 922 932  
1000 925  
934 916 936 924 920 912 938 914 906 940 942 932 918 922  
1000 925  
918 934 924 936 916 920 938 912 914 906 922 932  
1000 925  
918 924 936 916 920 912 914 906 922 932  
1000 925  
1003  
1003  
1003  
1003  
918 924 936 916 920 938 912 914 906 922 932  
1000 925  
944 916 936 924 920 912 938 914 906 940 932 918 922  
1000 925  
1000 925  
1001  
1000 925  
1000 925  
934 916 936 924 920 912 938 914 906 940 932 942 918 922  
986  
1000 925  
951  
946 934 916 936 924 920 912 938 914 906 932 918 922  
1000 925  
918 946 944 924 936 916 920 912 914 906 922 932  
1001 925  
918 946 944 924 936 916 920 912 914 906 922 932  
1001 925  
918 946 944 924 936 916 920 912 914 906 922 932  
1001 925  
918 946 944 924 936 916 920 912 914 906 922 932  
1001 925  
918 946 944 924 936 916 920 912 914 906 922 932  
1001 925  
1003  
1003  
1003  
1003  
986 985  
918 924 936 916 920 912 914 906 940 942 922 932  
1000 925  
986 985  
918 924 936 916 920 912 914 906 922 932  
925  
986 985  
918 924 936 916 920 912 914 906 922 932  
929 1000 925  
918 924 936 916 920 912 914 906 922 932  
1000 925  
986 985  
918 934 924 936 916 920 938 912 914 906 922 932  
1000 925  
934 916 936 924 920 912 938 914 906 940 932 942 918 922  
986  
1000 925  
918 924 936 916 920 912 914 906 940 942 922 932  
925  
986 985  
1002  
1000  
1002 1000  
918 924 936 916 920 912 914 906 922 932  
1000 925  
934 916 936 924 920 912 938 914 906 940 942 932 918 922  
1000 925  
1003  
1003  
1003  
1003  
986 985  
918 924 936 916 920 912 914 906 940 942 922 932  
1000 925  
918 924 936 916 920 912 914 906 942 922 932  
1000 925  
986 985  
986 985  
1002  
1000  
1002 1000  
1000  
916 936 924 920 912 938 914 906 940 932 942 918 922  
1000 925  
934 916 936 924 920 912 938 914 906 940 932 942 918 922  
1000 925  
918 944 924 936 916 920 912 914 906 922 932  
1000 925  
918 946 944 924 936 916 920 912 914 906 922 932  
1001 925  
918 924 936 916 920 912 914 906 922 932  
925  
1000 925  
986 985  
918 924 936 916 920 912 914 906 922 932  
1000 925  
1000 925  
918 924 936 916 920 938 912 914 906 922 932  
1000 925  
1000 925  
1000 925  
1001  
944 916 936 924 920 912 938 914 906 940 932 918 922  
1000 925  
986 985  
934 916 936 924 920 912 938 914 906 940 942 932 918 922  
1000 925  
946 944 934 916 936 924 920 912 938 914 906 932 918 922  
1000 925  
918 924 936 916 920 912 914 906 922 932  
1000 925  
986 985  
1003  
1001  
1001 1003  
918 946 944 924 936 916 920 912 914 906 922 932  
1001 925  
918 946 944 924 936 916 920 912 914 906 922 932  
1001 925  
918 946 944 924 936 916 920 912 914 906 922 932  
1001 925  
918 934 924 936 916 920 912 914 906 922 932  
1000 925  
986 985  
918 946 924 936 916 920 912 914 906 942 922 932  
1000 925  
986 985  
918 946 944 924 936 916 920 912 914 906 922 932  
1001 925  
918 946 944 924 936 916 920 912 914 906 922 932  
1001 925  
918 946 944 924 936 916 920 912 914 906 922 932  
1001 925  
918 934 924 936 916 920 938 912 914 906 922 932  
1000 925  
944 946 916 936 924 920 912 938 914 906 940 942 932 918 922  
1001 925  
986 985  
916 936 924 920 912 914 906 954 940 932 942 918 922  
1000 925  
918 934 924 936 916 920 912 914 906 940 922 932  
1000 925  
986 985  
1001  
986 985  
1001 1003  
986 985  
1000  
1000  
1000  
918 924 936 916 920 912 914 906 922 932  
1000 925  
918 924 936 916 920 912 914 906 922 932  
1000 925  
944 916 936 924 920 912 938 914 906 932 942 918 922  
1003  
1005  
1000 925  
986 985  
1002  
1000  
1002 1000  
934 916 936 924 920 912 938 914 906 940 942 932 918 922  
1000 925  
1000  
1000  
918 944 924 936 916 920 938 912 914 906 922 932  
1000 925  
1000  
1000  
918 944 924 936 916 920 938 912 914 906 922 932  
1000 925  
1003  
1003  
1003  
1003  
1000 925  
1000  
1000 925  
1000  
1000 925  
1000  
1000 925  
1000  
918 946 944 924 936 916 920 912 914 906 922 932  
1001 925  
918 946 944 924 936 916 920 912 914 906 922 932  
1001 925  
918 946 944 924 936 916 920 912 914 906 922 932  
1001 925  
986 985  
1000 925  
1000  
1000 925  
1000  
1000 925  
1000  
934 916 936 924 920 912 938 914 906 940 942 932 918 922  
1000 925  
1003  
1002 1003 1004  
1002 1003 1004  
1002 1003  
1002  
1003  
1003  
918 924 936 916 920 912 914 906 922 932  
1000 925  
986 985  
934 916 936 924 920 912 938 914 906 940 942 932 918 922  
1000 925  
1003  
1003  
1003  
1003  
918 924 936 916 920 912 914 906 940 942 922 932  
1000 925  
986 985  
1002  
1000  
1002 1000  
1000  
1000  
1000 925  
1000  
1000 925  
1000  
918 924 936 916 920 912 914 906 922 932  
1000 925  
986 985  
1002  
1002  
918 924 936 916 920 912 914 906 922 932  
1000 925  
918 924 936 916 920 912 914 906 922 932  
1000 925  
934 916 936 924 920 912 938 914 906 940 942 932 918 922  
1000 925  
1003  
986 985  
986 985  
918 946 944 924 936 916 920 912 914 906 922 932  
1001 925  
918 946 944 924 936 916 920 912 914 906 922 932  
1001 925  
918 946 944 924 936 916 920 912 914 906 922 932  
1001 925  
918 944 924 936 916 920 938 912 914 906 922 932  
1000 925  
918 946 944 924 936 916 920 912 914 906 922 932  
1001 925  
918 946 944 924 936 916 920 912 914 906 922 932  
1001 925  
986 985  
918 934 924 936 916 920 938 912 914 906 922 932  
1000 925  
1003  
918 934 924 936 916 920 912 914 906 922 932  
1000 925  
999  
999  
999  
999  
986 985  
918 944 924 936 916 920 938 912 914 906 922 932  
1000 925  
918 924 936 916 920 912 914 906 940 942 922 932  
1000 925  
934 916 936 924 920 912 938 914 906 940 942 932 918 922  
1000 925  
1000  
1000  
1000  
1000  
918 944 924 936 916 920 938 912 914 906 922 932  
1000 925  
1003  
1003  
1003  
1003  
918 924 936 916 920 912 914 906 922 932  
1000 925  
986 985  
1000  
1000  
1000  
1006 999  
918 924 936 916 920 912 914 906 922 932  
1000 925  
918 944 924 936 916 920 912 914 906 940 922 932  
1000 925  
934 916 936 924 920 912 938 914 906 940 942 932 918 922  
1000 925  
986 985  
1003  
1003  
1003  
1003  
986 985  
1001  
934 916 936 924 920 912 938 914 906 940 942 932 918 922  
1000 925  
1000  
951  
918 924 936 916 920 912 914 906 922 932  
1000 925  
918 944 924 936 916 920 912 914 906 942 922 932  
1000 925  
986 985  
1002  
1000  
1002 1000  
934 916 936 924 920 912 938 914 906 940 942 932 918 922  
1000 925  
918 934 924 936 916 920 938 912 914 906 922 932  
1000 925  
918 934 924 936 916 920 938 912 914 906 922 932  
1000 925  
1003  
1003  
1003  
1003  
918 924 936 916 920 912 914 906 940 942 922 932  
1000 925  
986 985  
1003  
918 924 936 916 920 912 914 906 922 932  
1000 925  
986 985  
918 924 936 916 920 912 914 906 940 942 922 932  
1000 925  
1003  
1003  
1003  
1003  
918 924 936 916 920 912 914 906 942 922 932  
925  
1000 925  
1000 925  
944 916 936 924 920 912 938 914 906 940 932 918 922  
1000 925  
1000 925  
1001  
986 985  
1002  
1000  
1002 1000  
1000 925  
1000 925  
1000  
934 916 936 924 920 912 938 914 906 940 942 932 918 922  
1000 925  
916 936 924 920 912 914 906 940 910 932 942 918 922  
1000 925  
986 985  
1002  
1000  
1002 1000  
918 924 936 916 920 912 914 906 922 932  
1000 925  
918 944 924 936 916 920 912 914 906 922 932  
1000 925  
918 924 936 916 920 912 914 906 940 942 922 932  
1000 925  
986 985  
1001  
918 924 936 916 920 912 914 906 922 932  
1000 925  
986 985  
1001  
934 916 936 924 920 912 938 914 906 940 932 942 918 922  
1000 925  
934 916 936 924 920 912 938 914 906 940 942 932 918 922  
925  
918 924 936 916 920 912 914 906 940 942 922 932  
1000 925  
1006 999  
934 916 936 924 920 912 914 906 940 932 942 918 922  
1000 925  
986 985  
1000  
1002  
1000  
1002 1000  
1002 1000  
1006 999  
934 916 936 924 920 912 938 914 906 940 942 932 918 922  
925  
934 916 936 924 920 912 938 914 906 940 942 932 918 922  
1000 925  
986 985  
1003  
1003  
1003  
1003  
1003  
1003  
1003  
918 924 936 916 920 912 914 906 940 942 922 932  
1000 925  
1005  
934 916 936 924 920 912 938 914 906 940 942 932 918 922  
925  
986 985  
986 985  
1001 1003  
986 985  
1001 1003  
1001 1003  
1003  
1001  
1001 1003  
1003  
1003  
934 916 936 924 920 912 914 906 940 932 942 918 922  
1000 925  
986 985  
1003  
1003  
918 924 936 916 920 912 914 906 940 942 922 932  
1000 925  
934 916 936 924 920 912 938 914 906 940 942 932 918 922  
1000 925  
986 985  
1000  
1002  
1000  
1002 1000  
1002 1000  
1003  
1003  
1003  
1003  
986 985  
1006 999  
986 985  
1003  
986 985  
1001 1003  
1001 1003  
1003  
1001  
1001 1003  
918 924 936 916 920 912 914 906 940 942 922 932  
1000 925  
1003  
1003  
918 924 936 916 920 912 914 906 940 942 922 932  
1000 925  
1006 999  
986 985  
918 924 936 916 920 912 914 906 940 942 922 932  
1000 925  
918 924 936 916 920 912 914 906 940 942 922 932  
1000 925  
1006 999  
986 985  
918 944 924 936 916 920 938 912 914 906 922 932  
1000 925  
1003  
934 916 936 924 920 912 914 906 940 932 942 918 922  
1000 925  
934 916 936 924 920 912 914 906 940 932 942 918 922  
1000 925  
934 916 936 924 920 912 938 914 906 940 942 932 918 922  
1000 925  
986 985  
1000  
1002  
1000  
1002 1000  
1002 1000  
918 924 936 916 920 938 912 914 906 922 932  
1000 925  
1003  
1003  
1003  
1003  
986 985  
1003  
1003  
918 924 936 916 920 938 912 914 906 922 932  
1000 925  
944 916 936 924 920 912 938 914 906 940 932 918 922  
1000 925  
1001  
1002  
1000  
1002 1000 1003  
951  
986 985  
1003  
934 916 936 924 920 912 938 914 906 940 942 932 918 922  
1000 925  
918 924 936 916 920 912 914 906 942 922 932  
1000 925  
986 985  
1002  
1000  
1002 1000 1003  
918 924 936 916 920 912 914 906 922 932  
1000 925  
934 916 936 924 920 912 938 914 906 940 942 932 918 922  
1000 925  
986 985  
1003  
1003  
1003  
1003  
1003  
986 985  
1002  
1000  
1002 1000 1003  
918 924 936 916 920 912 914 906 922 932  
1000 925  
1000  
1000  
934 916 936 924 920 912 938 914 906 940 942 932 918 922  
1000 925  
1000  
1000  
918 944 924 936 916 920 938 912 914 906 922 932  
1000 925  
918 944 924 936 916 920 938 912 914 906 922 932  
1000 925  
1003  
1003  
1003  
1003  
934 916 936 924 920 912 938 914 906 940 942 932 918 922  
1000 925  
986 985  
1001 1003  
1001 1003  
1003  
1001  
1001 1003  
986 985  
1003  
1003  
1003  
1003  
1003  
986 985  
1003  
1003  
918 924 936 916 920 912 914 906 940 942 922 932  
1000 925  
944 934 916 936 924 920 912 914 906 940 932 942 918 922  
1000 925  
946 944 934 916 936 924 920 912 914 906 940 932 942 918 922  
929 939 1000 925  
986 985  
1002  
1000  
1002 1000 1003  
986 985  
1002  
1000  
1002 1000 1003  
918 924 936 916 920 912 914 906 922 932  
1000 925  
986 985  
918 924 936 916 920 912 914 906 940 942 922 932  
1000 925  
1006 999  
986 985  
934 916 936 924 920 912 914 906 940 932 942 918 922  
1000 925  
1006 999  
918 924 936 916 920 912 914 906 940 942 922 932  
1000 925  
986 985  
1000  
1002  
1000  
1002 1000  
986 985  
1003  
986 985  
1003  
1003  
918 924 936 916 920 938 912 914 906 922 932  
1000 925  
1001  
918 946 944 924 936 916 920 912 914 906 922 932  
1001 925  
944 916 936 924 920 912 938 914 906 940 932 918 922  
1000 925  
986 985  
1003  
951  
918 924 936 916 920 912 914 906 922 932  
1000 925  
918 924 936 916 920 912 914 906 922 932  
1000 925  
934 916 936 924 920 912 938 914 906 940 942 932 918 922  
1000 925  
986 985  
1003  
986 985  
944 916 936 924 920 912 914 906 910 932 942 918 922  
1000 925  
986 985  
1003  
1006 999  
934 916 936 924 920 912 938 914 906 940 942 932 918 922  
1000 925  
999  
1003  
1003  
1003  
1003  
918 924 936 916 920 912 914 906 922 932  
1000 925  
986 985  
1003  
934 916 936 924 920 912 938 914 906 940 942 932 918 922  
1000 925  
918 944 924 936 916 920 938 912 914 906 922 932  
1000 925  
1003  
918 924 936 916 920 912 914 906 940 942 922 932  
1000 925  
918 946 944 924 936 916 920 912 914 906 922 932  
1001 925  
986 985  
934 916 936 924 920 912 938 914 906 940 942 932 918 922  
1000 925  
999  
1003  
1003  
1003  
1003  
986 985  
1003  
918 924 936 916 920 912 914 906 922 932  
1000 925  
1006 999  
934 916 936 924 920 912 938 914 906 940 942 932 918 922  
1000 925  
986 985  
1003  
918 924 936 916 920 912 914 906 922 932  
1000 925  
986 985  
1003  
918 924 936 916 920 912 914 906 922 932  
1000 925  
934 916 936 924 920 912 938 914 906 940 942 932 918 922  
1000 925  
986 985  
1003  
1003  
1003  
1003  
1003  
918 924 936 916 920 912 914 906 940 942 922 932  
1000 925  
986 985  
1006 999  
918 944 946 924 936 916 920 912 914 906 922 932  
1000 925  
946 934 916 936 924 920 912 938 914 906 932 918 922  
1000 925  
1003  
1003  
1003  
1003  
934 916 936 924 920 912 938 914 906 940 942 932 918 922  
1000 925  
1003  
1003  
1003  
1003  
944 946 916 936 924 920 912 914 906 940 932 918 922  
1000 925  
986 985  
1003  
946 934 916 936 924 920 912 938 914 906 932 918 922  
1000 925  
946 934 916 936 924 920 912 938 914 906 932 918 922  
1000 925  
918 944 924 936 916 920 938 912 914 906 922 932  
1000 925  
934 916 936 924 920 912 938 914 906 940 942 932 918 922  
1000 925  
918 934 924 936 916 920 938 912 914 906 922 932  
1000 925  
1003  
1003  
1003  
1003  
999  
918 924 936 916 920 912 914 906 922 932  
1000 925  
934 916 936 924 920 912 938 914 906 940 942 932 918 922  
1000 925  
986 985  
1003  
1003  
1003  
1003  
1003  
918 924 936 916 920 912 914 906 922 932  
1000 925  
1006 999  
1005  
1006 999  
918 924 936 916 920 912 914 906 922 932  
1000 925  
986 985  
1003  
1003  
918 934 924 936 916 920 938 912 914 906 922 932  
925  
934 916 936 924 920 912 938 914 906 940 942 932 918 922  
925  
934 916 936 924 920 912 938 914 906 940 942 932 918 922  
925  
918 924 936 916 920 938 912 914 906 922 932  
925  
918 924 936 916 920 912 914 906 922 932  
1000 925  
934 916 936 924 920 912 938 914 906 940 942 932 918 922  
925  
918 924 936 916 920 938 912 914 906 922 932  
925  
934 916 936 924 920 912 938 914 906 940 942 932 918 922  
1000 925  
934 916 936 924 920 912 938 914 906 940 942 932 918 922  
925  
934 916 936 924 920 912 938 914 906 940 932 942 918 922  
986  
925  
918 934 924 936 916 920 938 912 914 906 922 932  
925  
934 916 936 924 920 912 938 914 906 940 942 932 918 922  
925  
986 985  
1003  
934 916 936 924 920 912 938 914 906 940 942 932 918 922  
925  
918 934 924 936 916 920 938 912 914 906 922 932  
925  
918 934 924 936 916 920 938 912 914 906 922 932  
925  
934 916 936 924 920 912 938 914 906 940 932 942 918 922  
986  
925  
934 916 936 924 920 912 938 914 906 940 942 932 918 922  
925  
918 934 924 936 916 920 938 912 914 906 922 932  
925  
918 934 924 936 916 920 938 912 914 906 922 932  
925  
934 916 936 924 920 912 938 914 906 940 942 932 918 922  
925  
944 934 916 936 924 920 912 938 914 906 940 932 918 922  
1000 925  
1003  
1003  
1003  
1003  
918 924 936 916 920 912 914 906 940 942 922 932  
1000 925  
918 924 936 916 920 912 914 906 940 942 922 932  
1000 925  
986 985  
1002  
1000  
1002 1000 1003  
986 985  
1002  
1000  
1002 1000 1003  
918 924 936 916 920 912 914 906 940 942 922 932  
1000 925  
918 924 936 916 920 912 914 906 940 942 922 932  
1000 925  
986 985  
1002  
1000  
1002 1000 1003  
916 936 924 920 912 938 914 906 940 932 942 918 922  
1000 925  
986 985  
1002  
1000  
1002 1000 1003  
918 946 944 924 936 916 920 912 914 906 922 932  
1000 925  
918 946 944 924 936 916 920 912 914 906 922 932  
1000 925  
918 924 936 916 920 912 914 906 922 932  
1000 925  
918 946 944 924 936 916 920 912 914 906 922 932  
1000 925  
918 946 944 924 936 916 920 912 914 906 922 932  
1000 925  
918 946 944 924 936 916 920 912 914 906 922 932  
1000 925  
918 924 936 916 920 912 914 906 922 932  
1000 925  
918 946 944 924 936 916 920 912 914 906 922 932  
1000 925  
918 946 944 924 936 916 920 912 914 906 922 932  
1000 925  
986 985  
1002  
1000  
1002 1000 1003  
918 924 936 916 920 912 914 906 922 932  
1000 925  
918 944 924 936 916 920 912 914 906 922 932  
1000 925  
986 985  
1003  
946 944 934 916 936 924 920 912 914 906 940 932 942 918 922  
929 939 1000 925  
986 985  
1002  
1000  
1002 1000 1003  
918 944 924 936 916 920 912 914 906 922 932  
939 1000 925  
918 924 936 916 920 912 914 906 922 932  
1000 925  
986 985  
1003  
918 944 924 936 916 920 938 912 914 906 922 932  
1000 925  
1000  
1000  
1000  
918 924 936 916 920 912 914 906 922 932  
1000 925  
1003  
986 985  
1003  
934 916 936 924 920 912 938 914 906 940 942 932 918 922  
1000 925  
1003  
1003  
1003  
1003  
934 916 936 924 920 912 914 906 940 932 942 918 922  
1000 925  
986 985  
1000  
1002  
1000  
1002 1000  
1002 1000  
918 944 924 936 916 920 912 914 906 942 922 932  
1000 925  
986 985  
1001  
1000 925  
1001  
918 944 934 924 936 916 920 912 914 906 922 932  
1000 925  
934 916 936 924 920 912 938 914 906 940 942 932 918 922  
1000 925  
951  
986 985  
918 924 936 916 920 912 914 906 922 932  
1000 925  
934 916 936 924 920 912 914 906 940 932 942 918 922  
1000 925  
918 924 936 916 920 912 914 906 940 942 922 932  
1000 925  
986 985  
1002  
1000  
1000  
1002 1000 1003  
944 916 936 924 920 912 938 914 906 910 932 942 918 922  
1000 925  
944 916 936 924 920 912 938 914 906 932 942 918 922  
1000 925  
944 916 936 924 920 912 938 914 906 932 942 918 922  
1000 925  
944 916 936 924 920 912 938 914 906 932 942 918 922  
1000 925  
944 916 936 924 920 912 938 914 906 932 942 918 922  
1000 925  
944 916 936 924 920 912 938 914 906 932 942 918 922  
1000 925  
944 916 936 924 920 912 938 914 906 910 932 942 918 922  
1000 925  
944 916 936 924 920 912 938 914 906 932 942 918 922  
1000 925  
944 916 936 924 920 912 938 914 906 932 942 918 922  
1000 925  
918 924 936 916 920 938 912 914 906 942 922 932  
1000 925  
1000  
934 916 936 924 920 912 938 914 906 940 942 932 918 922  
1000 925  
918 944 924 936 916 920 938 912 914 906 922 932  
1000 925  
1003  
1003  
1003  
1003  
986 985  
1000  
1002  
1000  
1002 1000  
1002 1000  
944 946 934 916 936 924 920 912 914 906 940 942 932 918 922  
1000 925  
986 985  
1002  
986 985  
1000  
1000 1003  
918 944 924 936 916 920 938 912 914 906 922 932  
1005  
1000 925  
918 924 936 916 920 912 914 906 940 942 922 932  
1000 925  
986 985  
1003  
918 924 936 916 920 912 914 906 922 932  
1000 925  
986 985  
1003  
1005  
1005  
1005  
1006 999  
918 944 924 936 916 920 938 912 914 906 922 932  
1005  
1000 925  
986 985  
1000  
1000 1003  
918 944 924 936 916 920 938 912 914 906 922 932  
1005  
1000 925  
986 985  
1000  
1000 1003  
918 924 936 916 920 912 914 906 922 932  
1000 925  
1000 925  
1001  
934 916 936 924 920 912 938 914 906 940 942 932 918 922  
1000 925  
951  
918 924 936 916 920 912 914 906 940 942 922 932  
1000 925  
1003  
1003  
1003  
1003  
918 924 936 916 920 912 914 906 940 942 922 932  
1000 925  
986 985  
1001 1003  
934 916 936 924 920 912 914 906 940 932 942 918 922  
1000 925  
918 924 936 916 920 912 914 906 922 932  
1000 925  
986 985  
1000  
1002  
1000  
1002 1000  
1002 1000  
986 985  
1002 1003  
918 946 924 936 916 920 938 912 914 906 922 932  
1000 925  
918 924 936 916 920 912 914 906 922 932  
1000 925  
1003  
1003  
1003  
1003  
934 916 936 924 920 912 938 914 906 940 942 932 918 922  
1000 925  
918 924 936 916 920 938 912 914 906 922 932  
1000 925  
946 944 916 936 924 920 912 914 906 940 932 942 918 922  
925  
986 985  
1001 1003  
986 985  
1001 1003  
986 985  
1003  
918 924 936 916 920 912 914 906 940 942 922 932  
1000 925  
918 924 936 916 920 912 914 906 940 942 922 932  
1000 925  
1006 999  
986 985  
986 985  
1003  
918 946 944 924 936 916 920 912 914 906 922 932  
925  
918 946 944 924 936 916 920 912 914 906 922 932  
1001 925  
986 985  
918 946 944 924 936 916 920 912 914 906 922 932  
925  
918 946 944 924 936 916 920 912 914 906 922 932  
925  
918 946 944 924 936 916 920 912 914 906 922 932  
925  
918 946 944 924 936 916 920 912 914 906 922 932  
1001 925  
918 946 944 924 936 916 920 912 914 906 922 932  
1001 925  
918 946 944 924 936 916 920 912 914 906 922 932  
1001 925  
918 946 944 924 936 916 920 912 914 906 922 932  
1001 925  
986 985  
1003  
918 934 924 936 916 920 938 912 914 906 922 932  
1000 925  
934 916 936 924 920 912 914 906 940 932 942 918 922  
1000 925  
918 924 936 916 920 912 914 906 922 932  
1000 925  
1003  
1003  
1003  
1003  
986 985  
1000  
1002  
1000  
1002 1000  
986 985  
1003  
934 916 936 924 920 912 938 914 906 940 942 932 918 922  
1000 925  
918 924 936 916 920 912 914 906 922 932  
1000 925  
986 985  
1003  
934 916 936 924 920 912 938 914 906 940 942 932 918 922  
1000 925  
918 934 924 936 916 920 938 912 914 906 922 932  
1000 925  
1003  
1003  
1003  
1003  
1003  
1003  
1003  
1003  
918 924 936 916 920 912 914 906 922 932  
1000 925  
918 924 936 916 920 912 914 906 922 932  
1000 925  
986 985  
1003  
934 916 936 924 920 912 938 914 906 940 942 932 918 922  
1000 925  
986 985  
1003  
918 924 936 916 920 912 914 906 922 932  
1000 925  
944 934 916 936 924 920 912 938 914 906 940 942 932 918 922  
1000 925  
918 924 936 916 920 912 914 906 922 932  
1000 925  
918 924 936 916 920 912 914 906 922 932  
1000 925  
918 924 936 916 920 912 914 906 940 942 922 932  
1000 925  
934 916 936 924 920 912 938 914 906 940 942 932 918 922  
1000 925  
986 985  
1003  
944 934 916 936 924 920 912 914 906 940 932 942 918 922  
1000 925  
986 985  
1000  
1000  
1000 1003  
918 946 944 924 936 916 920 912 914 906 922 932  
1000 925  
918 946 944 924 936 916 920 912 914 906 922 932  
1000 925  
918 924 936 916 920 912 914 906 922 932  
1000 925  
918 946 944 924 936 916 920 912 914 906 922 932  
1000 925  
986 985  
1002  
1000  
1002 1000 1003  
986 985  
918 946 944 924 936 916 920 912 914 906 922 932  
1000 925  
918 946 944 924 936 916 920 912 914 906 922 932  
1000 925  
918 924 936 916 920 912 914 906 922 932  
1000 925  
918 946 944 924 936 916 920 912 914 906 922 932  
1000 925  
918 946 944 924 936 916 920 912 914 906 922 932  
1000 925  
918 924 936 916 920 912 914 906 922 932  
1000 925  
986 985  
1002  
1000  
1002 1000 1003  
1003  
918 944 924 936 916 920 938 912 914 906 922 932  
1000 925  
944 946 934 916 936 924 920 912 914 906 940 942 932 918 922  
1000 925  
986 985  
1002  
918 924 936 916 920 912 914 906 922 932  
1000 925  
918 924 936 916 920 938 912 914 906 922 932  
1000 925  
934 916 936 924 920 912 938 914 906 940 942 932 918 922  
1000 925  
986 985  
1003  
934 916 936 924 920 912 938 914 906 940 932 918 922  
1000 925  
1000  
1003  
1003  
1003  
1003  
918 924 936 916 920 912 914 906 940 942 922 932  
1000 925  
986 985  
1002  
1000  
1000  
1002 1000 1003  
986 985  
1002  
1000  
1002 1000 1003  
918 924 936 916 920 912 914 906 922 932  
1000 925  
918 924 936 916 920 912 914 906 922 932  
1000 925  
918 934 924 936 916 920 938 912 914 906 922 932  
1000 925  
918 924 936 916 920 912 914 906 922 932  
925  
918 944 924 936 916 920 912 914 906 940 922 932  
1000 925  
934 916 936 924 920 912 938 914 906 940 942 932 918 922  
1000 925  
986 985  
1003  
1003  
1002 1003 1004  
1002 1003 1004  
1002 1003  
1002  
1003  
1003  
986 985  
918 924 936 916 920 912 914 906 940 942 922 932  
925  
986 985  
1003  
918 924 936 916 920 912 914 906 922 932  
1000 925  
918 944 934 924 936 916 920 912 914 906 922 932  
1000 925  
986 985  
1000 1003  
986 985  
1000 1003  
1000  
1000 1003  
918 924 936 916 920 912 914 906 922 932  
1000 925  
986 985  
1001  
986 985  
1003  
918 924 936 916 920 938 912 914 906 922 932  
1000 925  
946 944 916 936 924 920 912 914 906 940 932 942 918 922  
1000 925  
986 985  
1000  
1000  
1000 1003  
918 924 936 916 920 912 914 906 922 932  
1000 925  
918 924 936 916 920 912 914 906 922 932  
1000 925  
934 916 936 924 920 912 938 914 906 940 942 932 918 922  
1000 925  
986 985  
1003  
986 985  
934 916 936 924 920 912 914 906 940 932 942 918 922  
1000 925  
944 916 936 924 920 912 938 914 906 940 932 918 922  
1000 925  
906 940  
1003  
1003  
1003  
1003  
1000  
934 916 936 924 920 912 938 914 906 940 942 932 918 922  
1000 925  
918 924 936 916 920 912 914 906 922 932  
1000 925  
918 924 936 916 920 912 914 906 922 932  
1000 925  
934 916 936 924 920 912 938 914 906 940 942 932 918 922  
1000 925  
986 985  
1003  
986 985  
1000  
1002  
1000  
1002 1000  
1002 1000  
918 934 924 936 916 920 912 914 906 922 932  
1000 925  
986 985  
1003  
918 924 936 916 920 912 914 906 922 932  
1000 925  
999  
918 924 936 916 920 912 914 906 922 932  
1000 925  
986 985  
1003  
916 936 924 920 912 938 914 906 940 932 942 918 922  
1000 925  
986 985  
1001 1003  
946 944 916 936 924 920 912 914 906 940 932 942 918 922  
925  
1006 999  
918 924 936 916 920 912 914 906 922 932  
1000 925  
934 916 936 924 920 912 938 914 906 940 942 932 918 922  
1000 925  
918 934 924 936 916 920 938 912 914 906 922 932  
1000 925  
934 916 936 924 920 912 938 914 906 940 942 932 918 922  
1000 925  
918 924 936 916 920 938 912 914 906 922 932  
1000 925  
918 934 924 936 916 920 912 914 906 942 922 932  
1000 925  
934 916 936 924 920 912 914 906 940 932 942 918 922  
1000 925  
918 934 924 936 916 920 912 914 906 942 922 932  
1000 925  
918 924 936 916 920 912 914 906 922 932  
1000 925  
1003  
1003  
1003  
1003  
986 985  
1002  
1000  
1002 1000  
1006 999  
986 985  
1000  
1002  
1000  
1002 1000  
1002 1000  
918 924 936 916 920 912 914 906 922 932  
1000 925  
986 985  
1003  
918 924 936 916 920 912 914 906 922 932  
1000 925  
1000 925  
918 944 924 936 916 920 938 912 914 906 922 932  
1000 925  
934 916 936 924 920 912 938 914 906 940 942 932 918 922  
1000 925  
918 924 936 916 920 912 914 906 922 932  
1000 925  
934 916 936 924 920 912 938 914 906 940 942 932 918 922  
1000 925  
934 916 936 924 920 912 938 914 906 940 932 942 918 922  
925  
918 924 936 916 920 912 914 906 922 932  
1000 925  
986 985  
1003  
1003  
1003  
1003  
918 934 924 936 916 920 938 912 914 906 922 932  
1000 925  
918 934 924 936 916 920 938 912 914 906 922 932  
1000 925  
918 924 936 916 920 912 914 906 922 932  
1000 925  
918 924 936 916 920 912 914 906 922 932  
1000 925  
944 934 916 936 924 920 912 938 914 906 940 932 918 922  
1000 925  
986 985  
1002  
1000  
1002 1000  
986 985  
1002  
1000  
1002 1000 1003  
918 944 924 936 916 920 938 912 914 906 922 932  
1000 925  
1000  
1000  
918 924 936 916 920 912 914 906 922 932  
1000 925  
918 924 936 916 920 912 914 906 940 942 922 932  
1000 925  
918 924 936 916 920 912 914 906 940 942 922 932  
1000 925  
916 936 924 920 912 938 914 906 940 932 942 918 922  
1000 925  
986 985  
1002  
1000  
1002 1000 1003  
918 924 936 916 920 912 914 906 922 932  
1000 925  
986 985  
1003  
918 924 936 916 920 912 914 906 922 932  
1000 925  
986 985  
1003  
944 916 936 924 920 912 938 914 906 942 932 918 952 922  
1000 925  
944 916 936 924 920 912 938 914 906 942 932 918 952 922  
1000 925  
1000  
1000  
1000 925  
1006 999  
918 924 936 916 920 912 914 906 922 932  
1000 925  
918 924 936 916 920 912 914 906 922 932  
1000 925  
986 985  
1002  
1000  
1002 1000 1003  
918 924 936 916 920 912 914 906 922 932  
1000 925  
918 924 936 916 920 912 914 906 922 932  
1000 925  
986 985  
934 916 936 924 920 912 938 914 906 940 942 932 918 922  
1000 925  
918 924 936 916 920 938 912 914 906 922 932  
1003  
1000 925  
1003  
1003  
1003  
1003  
918 924 936 916 920 938 912 914 906 910 922 932  
1003  
1000 925  
934 916 936 924 920 912 914 906 940 932 942 918 922  
1005  
1005  
1000 925  
986 985  
1002  
1000  
1002 1000 1003  
918 944 924 936 916 920 912 914 906 922 932  
1000 925  
934 916 936 924 920 912 938 914 906 940 932 918 922  
1000 925  
944 934 916 936 924 920 912 938 914 906 932 918 922  
1000 925  
944 934 916 936 924 920 912 938 914 906 932 918 922  
1000 925  
918 944 924 936 916 920 912 914 906 942 922 932  
1000 925  
986 985  
1002  
1000  
1002 1000 1003  
918 944 924 936 916 920 912 914 906 942 922 932  
1000 925  
934 916 936 924 920 912 938 914 906 940 942 932 918 922  
1000 925  
986 985  
1002  
1000  
1002 1000  
1003  
1003  
1003  
1003  
986 985  
1002 1000 1003  
1003  
1003  
1003  
1003  
1006 999  
1002  
1000  
1002 1000 1003  
934 916 936 924 920 912 938 914 906 940 942 932 918 922  
1000 925  
1003  
1002 1003 1004  
1002 1003 1004  
1002 1003  
1002  
1003  
1003  
918 924 936 916 920 912 914 906 922 932  
1000 925  
918 946 944 924 936 916 920 912 914 906 922 932  
1001 925  
934 916 936 924 920 912 938 914 906 940 942 932 918 922  
1000 925  
986 985  
1003  
918 924 936 916 920 912 914 906 922 932  
1000 925  
1003  
1003  
1003  
1003  
918 934 924 936 916 920 938 912 914 906 922 932  
1000 925  
918 934 924 936 916 920 938 912 914 906 922 932  
1000 925  
986 985  
918 924 936 916 920 912 914 906 922 932  
1000 925  
986 985  
934 916 936 924 920 912 938 914 906 940 942 932 918 922  
1000 925  
1003  
1002 1003 1004  
1002 1003 1004  
1002 1003  
1002  
1003  
1003  
1003  
986 985  
1003  
934 916 936 924 920 912 938 914 906 940 942 932 918 922  
925  
918 934 924 936 916 920 938 912 914 906 922 932  
925  
918 924 936 916 920 912 914 906 940 942 922 932  
1000 925  
918 924 936 916 920 912 914 906 942 922 932  
1000 925  
986 985  
986 985  
1002  
1000  
1002 1000 1003  
918 934 924 936 916 920 938 912 914 906 922 932  
1000 925  
934 916 936 924 920 912 938 914 906 940 942 932 918 922  
1000 925  
918 944 924 936 916 920 912 914 906 922 932  
939 1000 925  
986 985  
1000  
986 985  
1000  
1000  
1000  
918 944 924 936 916 920 938 912 914 906 922 932  
1000 925  
944 934 916 936 924 920 912 914 906 940 932 942 918 922  
1000 925  
946 944 934 916 936 924 920 912 914 906 940 932 942 918 922  
929 939 1000 925  
986 985  
1002  
1000  
1002 1000 1003  
986 985  
1002  
1000  
1002 1000 1003  
918 924 936 916 920 912 914 906 922 932  
1000 925  
1000  
1000  
1003  
1003  
1003  
1003  
1003  
986 985  
1003  
1000 925  
1000  
1000 925  
1000  
1000 925  
1000  
918 944 924 936 916 920 938 912 914 906 922 932  
1000 925  
918 944 924 936 916 920 938 912 914 906 922 932  
1000 925  
918 944 924 936 916 920 938 912 914 906 922 932  
1000 925  
934 916 936 924 920 912 938 914 906 940 942 932 918 922  
1000 925  
1000  
1000  
1000  
1000  
1003  
1003  
1003  
1003  
1003  
1003  
1003  
1003  
918 924 936 916 920 912 914 906 922 932  
925  
986 985  
1002  
1000  
1002 1000  
944 916 936 924 920 912 938 914 906 940 932 918 922  
1000 925  
1001  
918 924 936 916 920 938 912 914 906 922 932  
1000 925  
951  
986 985  
1003  
918 924 936 916 920 912 914 906 922 932  
1000 925  
986 985  
1003  
1003  
918 924 936 916 920 912 914 906 922 932  
1000 925  
918 924 936 916 920 912 914 906 922 932  
1000 925  
918 924 936 916 920 912 914 906 922 932  
1000 925  
918 924 936 916 920 912 914 906 922 932  
1000 925  
918 924 936 916 920 912 914 906 922 932  
1000 925  
918 924 936 916 920 912 914 906 922 932  
1000 925  
918 924 936 916 920 912 914 906 922 932  
1000 925  
918 924 936 916 920 912 914 906 922 932  
1000 925  
918 924 936 916 920 912 914 906 922 932  
1000 925  
918 924 936 916 920 912 914 906 940 942 922 932  
1000 925  
1006 999  
918 944 924 936 916 920 912 914 906 922 932  
1000 925  
986 985  
918 924 936 916 920 912 914 906 922 932  
925  
1000 925  
918 924 936 916 920 912 914 906 922 932  
925  
1000 925  
986 985  
1002 1000 1003  
918 924 936 916 920 912 914 906 940 942 922 932  
1000 925  
918 924 936 916 920 912 914 906 922 932  
1000 925  
986 985  
1003  
1003  
1003  
1003  
986 985  
1003  
986 985  
1003  
1006 999  
934 916 936 924 920 912 938 914 906 940 942 932 918 922  
1000 925  
1000  
918 934 924 936 916 920 938 912 914 906 922 932  
1000 925  
1000  
1000  
918 934 924 936 916 920 938 912 914 906 922 932  
1000 925  
918 934 924 936 916 920 938 912 914 906 922 932  
1000 925  
1000  
918 924 936 916 920 912 914 906 940 942 922 932  
1000 925  
1000  
918 934 924 936 916 920 938 912 914 906 922 932  
1000 925  
918 934 924 936 916 920 912 914 906 922 932  
1000 925  
918 924 936 916 920 912 914 906 940 922 932  
1000 925  
986 985  
986 985  
1003  
999  
918 924 936 916 920 912 914 906 940 942 922 932  
1000 925  
918 924 936 916 920 912 914 906 940 942 922 932  
1000 925  
918 924 936 916 920 912 914 906 940 942 922 932  
1000 925  
918 924 936 916 920 912 914 906 940 942 922 932  
1000 925  
918 924 936 916 920 912 914 906 940 942 922 932  
1000 925  
918 924 936 916 920 912 914 906 940 942 922 932  
1000 925  
918 924 936 916 920 912 914 906 940 942 922 932  
1000 925  
918 924 936 916 920 912 914 906 940 942 922 932  
1000 925  
986 985  
1002  
1000  
1002 1000  
918 924 936 916 920 912 914 906 922 932  
925  
1006 999  
918 924 936 916 920 912 914 906 922 932  
1000 925  
986 985  
1003  
934 916 936 924 920 912 938 914 906 940 942 932 918 922  
1000 925  
986 985  
1003  
918 944 924 936 916 920 938 912 914 906 922 932  
1003  
1000 925  
946 944 916 936 924 920 912 938 914 906 940 932 942 918 922  
925  
916 936 924 920 912 938 914 906 940 932 942 918 922  
925  
1006 999  
999  
918 944 924 936 916 920 938 912 914 906 922 932  
1000 925  
1000  
1000  
918 944 924 936 916 920 938 912 914 906 922 932  
1000 925  
934 916 936 924 920 912 938 914 906 940 942 932 918 922  
1000 925  
1000  
1000  
1003  
1003  
1003  
1003  
918 924 936 916 920 938 912 914 906 922 932  
1000 925  
944 916 936 924 920 912 938 914 906 940 932 918 922  
1000 925  
1001  
951  
1000  
918 924 936 916 920 912 914 906 940 942 922 932  
1000 925  
986 985  
944 916 936 924 920 912 914 906 910 932 942 918 922  
1000 925  
918 924 936 916 920 912 914 906 940 942 922 932  
1000 925  
918 924 936 916 920 912 914 906 940 942 922 932  
1000 925  
918 924 936 916 920 912 914 906 940 942 922 932  
1000 925  
918 924 936 916 920 912 914 906 940 942 922 932  
1000 925  
918 924 936 916 920 912 914 906 940 942 922 932  
1000 925  
986 985  
1002  
1000  
1002 1000  
918 924 936 916 920 912 914 906 922 932  
1000 925  
986 985  
1000  
1000  
1000 1003  
944 946 916 936 924 920 912 914 906 940 932 918 922  
1000 925  
944 946 916 936 924 920 912 914 906 940 932 918 922  
1000 925  
944 946 916 936 924 920 912 914 906 940 932 918 922  
1000 925  
986 985  
1001 1003  
918 934 924 936 916 920 938 912 914 906 922 932  
1000 925  
918 934 924 936 916 920 938 912 914 906 922 932  
1000 925  
918 934 924 936 916 920 912 914 906 922 932  
1000 925  
918 924 936 916 920 912 914 906 922 932  
1000 925  
1003  
1003  
1003  
1003  
986 985  
1003  
986 985  
1001  
934 916 936 924 920 912 938 914 906 940 942 932 918 922  
1000 925  
918 924 936 916 920 912 914 906 942 922 932  
1000 925  
918 924 936 916 920 912 914 906 942 922 932  
1005  
1005  
1000 925  
918 924 936 916 920 912 914 906 922 932  
1000 925  
934 916 936 924 920 912 938 914 906 940 942 932 918 922  
1000 925  
918 944 924 936 916 920 938 912 914 906 922 932  
1005  
1000 925  
986 985  
1003  
1003  
1003  
1003  
1003  
918 924 936 916 920 912 914 906 940 942 922 932  
1000 925  
986 985  
1002  
1000  
1002 1000 1003  
986 985  
1000  
1000 1003  
944 916 936 924 920 912 938 914 906 940 932 918 922  
1000 925  
918 924 936 916 920 912 914 906 922 932  
1000 925  
1003  
1003  
1003  
1003  
1000  
986 985  
1003  
918 946 944 924 936 916 920 912 914 906 922 932  
925  
918 946 944 924 936 916 920 912 914 906 922 932  
925  
918 946 944 924 936 916 920 912 914 906 922 932  
925  
918 946 944 924 936 916 920 912 914 906 922 932  
925  
918 946 944 924 936 916 920 912 914 906 922 932  
1001 925  
918 946 944 924 936 916 920 912 914 906 922 932  
925  
986 985  
1000  
1000  
946 934 916 936 924 920 912 938 914 906 932 918 922  
1000 925  
918 924 936 916 920 912 914 906 940 942 922 932  
1000 925  
986 985  
1003  
986 985  
918 924 936 916 920 912 914 906 940 942 922 932  
1000 925  
986 985  
1002  
1000  
1002 1000 1003  
1000  
1000  
918 944 924 936 916 920 938 912 914 906 922 932  
1000 925  
934 916 936 924 920 912 938 914 906 940 942 932 918 922  
1000 925  
1000  
1000  
918 944 924 936 916 920 938 912 914 906 922 932  
1000 925  
918 944 924 936 916 920 938 912 914 906 922 932  
1000 925  
1003  
1003  
1003  
1003  
918 924 936 916 920 912 914 906 922 932  
1000 925  
986 985  
944 946 916 936 924 920 912 914 906 940 932 918 922  
1000 925  
986 985  
1003  
918 934 924 936 916 920 938 912 914 906 922 932  
1000 925  
918 934 924 936 916 920 938 912 914 906 922 932  
1000 925  
918 924 936 916 920 938 912 914 906 940 922 932  
1000 925  
934 916 936 924 920 912 938 914 906 940 932 942 918 922  
1000 925  
1000  
1002  
1000  
1002 1000  
918 946 944 924 936 916 920 912 914 906 922 932  
929 1000 925  
986 985  
1003  
918 924 936 916 920 912 914 906 922 932  
1000 925  
986 985  
1000  
1000  
1000 1003  
918 924 936 916 920 912 914 906 922 932  
1000 925  
918 924 936 916 920 912 914 906 922 932  
1000 925  
918 924 936 916 920 912 914 906 922 932  
1000 925  
918 924 936 916 920 912 914 906 922 932  
1000 925  
918 924 936 916 920 912 914 906 922 932  
1000 925  
918 924 936 916 920 912 914 906 922 932  
1000 925  
918 924 936 916 920 912 914 906 922 932  
1000 925  
918 924 936 916 920 912 914 906 922 932  
1000 925  
918 924 936 916 920 912 914 906 922 932  
1000 925  
1000  
1000  
918 944 924 936 916 920 938 912 914 906 922 932  
1000 925  
934 916 936 924 920 912 938 914 906 940 942 932 918 922  
1000 925  
1000  
1000  
918 944 924 936 916 920 938 912 914 906 922 932  
1000 925  
1003  
1003  
1003  
1003  
918 944 924 936 916 920 938 912 914 906 922 932  
1000 925  
1000  
1000  
918 944 924 936 916 920 938 912 914 906 922 932  
1000 925  
934 916 936 924 920 912 938 914 906 940 942 932 918 922  
1000 925  
1000  
1000  
1003  
1003  
1003  
1003  
918 946 944 924 936 916 920 912 914 906 922 932  
1001 925  
918 946 944 924 936 916 920 912 914 906 922 932  
1001 925  
918 946 944 924 936 916 920 912 914 906 922 932  
1001 925  
986 985  
1003  
918 924 936 916 920 912 914 906 922 932  
1000 925  
918 924 936 916 920 912 914 906 922 932  
1000 925  
986 985  
1003  
934 916 936 924 920 912 938 914 906 940 942 932 918 922  
1000 925  
986 985  
1003  
918 924 936 916 920 912 914 906 940 942 922 932  
1000 925  
1006 999  
986 985  
918 946 944 924 936 916 920 912 914 906 922 932  
1000 925  
986 985  
1000  
1000  
918 924 936 916 920 912 914 906 922 932  
1000 925  
986 985  
1001  
918 944 924 936 916 920 938 912 914 906 922 932  
1000 925  
1000 925  
1000  
1000 925  
1000  
1000 925  
1000  
918 924 936 916 920 912 914 906 922 932  
1000 925  
944 946 916 936 924 920 912 914 906 940 932 918 922  
1000 925  
934 916 936 924 920 912 914 906 940 932 942 918 922  
1000 925  
1006 999  
934 916 936 924 920 912 938 914 906 940 942 932 918 922  
1000 925  
934 916 936 924 920 912 914 906 940 932 942 918 922  
1002 925  
986 985  
1000  
1002  
1000  
1002 1000  
1002 1000  
918 934 924 936 916 920 938 912 914 906 922 932  
1000 925  
918 944 924 936 916 920 938 912 914 906 922 932  
1000 925  
934 916 936 924 920 912 938 914 906 940 942 932 918 922  
1000 925  
1000  
1000  
1003  
1003  
1003  
1003  
1003  
986 1003  
1002 986 1003 1004  
1002 986 1003 1004  
1002 986 1003  
1002  
986 1003  
986 1003  
986 1003  
1002 986 1003 1004  
1002 986 1003 1004  
1002 986 1003  
1002  
986 1003  
986 1003  
986 1003  
1002 986 1003 1004  
1002 986 1003 1004  
1002 986 1003  
1002  
986 1003  
986 1003  
986 1003  
1002 986 1003 1004  
1002 986 1003 1004  
1002 986 1003  
1002  
986 1003  
986 1003  
986 1003  
1002 986 1003 1004  
1002 986 1003 1004  
1002 986 1003  
1002  
986 1003  
986 1003  
986 1003  
1002 986 1003 1004  
1002 986 1003 1004  
1002 986 1003  
1002  
986 1003  
986 1003  
 
