758 (177)
3505 (178)
3155 (178)
804 (180)
784 (184)
241 221 220 (180)
1363 (186)
2710 (1698)
4305 (216)
1085 (191)
1610 (964)
3555 (193)
1353 (204)
3441 (196)
874 873 (199)
706 (247)
4841 (204)
1133 1134 (194)
3663 (206)
2872 (208)
2005 1616 1797 (330)
3154 3156 (191)
904 892 (220)
1783 892 (200)
753 (289)
3612 3946 (213)
1030 (222)
3557 (312)
1612 (232)
3237 1783 3915 3559 3946 3251 (177)
2222 (236)
3447 (239)
3796 3794 (189)
725 (255)
3047 (264)
1139 (275)
3172 1797 (179)
378 11 (218)
1060 1059 1058 (303)
906 1616 (178)
4345 (307)
3533 4594 3249 4510 3237 3553 3915 3559 3946 3251 (180)
1411 (352)
723 4027 (195)
2735 978 958 (189)
1803 (358)
3249 4510 1783 3915 3559 3946 3251 (175)
1860 1616 (265)
3213 3915 3559 3946 3172 (204)
3533 3249 4510 3237 1783 3915 3559 3946 (175)
3213 3533 3915 3559 3946 (186)
1023 1022 (343)
2733 978 958 (193)
978 738 958 (184)
738 739 (273)
4594 4510 3553 4060 3172 (175)
3533 3915 3559 3946 1797 (183)
3553 1783 3915 3559 (181)
1810 1797 (385)
3253 3233 3249 4510 3237 3553 1783 3251 3172 (183)
739 737 (180)
3233 4594 4510 3237 4060 3172 (212)
4594 4510 3237 3915 3559 4060 3946 3172 (216)
3533 4594 4510 3915 3559 4060 3946 3172 (205)
4460 4510 3237 3553 3915 3559 3172 (192)
3533 3249 4510 3237 1783 3915 3559 3172 (182)
3533 3249 3237 1783 3915 3559 3946 3172 (186)
3249 3237 1783 4060 3251 3172 (176)
4510 1783 4060 3172 (191)
3533 4594 3231 4510 3915 3559 3946 3172 (198)
3533 4594 4510 3553 3915 3559 3946 3172 (187)
4460 3533 3249 3237 3915 3559 3946 3172 (224)
3517 3533 4594 3249 4510 3237 3915 3559 3946 3172 (192)
3233 4594 3225 3249 3231 4510 3237 3915 3559 3946 3251 3172 (180)
4460 3237 3915 3559 3946 3251 3172 (182)
3241 3533 4594 3249 4510 3237 3915 3559 3946 3251 3172 (241)
3533 4510 1783 3915 3559 3946 3172 (176)
4460 3533 3249 3915 3559 3946 3251 3172 (176)
4220 3172 (201)
3241 3249 3237 1783 3559 3946 3251 3172 (185)
4460 3533 3231 3915 3559 3946 3251 3172 (200)
3221 3243 3253 3233 4594 3225 3249 4510 3237 3553 3251 3172 (192)
4594 3249 4510 3237 1783 3251 3172 (186)
3219 3231 3251 3172 (192)
4594 3249 4510 3237 4060 3251 3172 (196)
1783 1797 (315)
737 736 (312)
1810 736 (198)
727 736 (191)
4481 3414 3423 1086 3439 4085 3245 840 3517 3529 3243 3253 3453 3241 3233 3533 3225 3249 3231 4510 3237 3553 3915 3559 4060 3946 3251 892 3172 736 (195)
1797 736 (216)
1294 736 (182)
