317 (8)
383 (9)
1049 795 728 789 1064 1057 1056 1055 1054 26 (12)
88 (12)
110 51 391 (12)
309 470 468 305 (12)
374 (12)
195 (12)
320 307 (12)
37 36 (44)
13 (12)
769 (13)
1353 530 389 (9)
314 470 468 26 305 (12)
403 (14)
115 114 (11)
314 302 470 468 26 (9)
870 899 (14)
788 250 (14)
813 36 (14)
260 (20)
39 33 755 36 (9)
895 788 (13)
387 160 755 (15)
302 305 (8)
319 302 (8)
377 319 (9)
788 813 (9)
38 27 387 160 (8)
228 310 305 (11)
315 302 (18)
27 160 36 (8)
31 314 26 390 389 (9)
125 390 389 (18)
261 390 389 (9)
