309  
310  
310  
470 309 468 302  
470 26 468 302  
470 26 468 302  
470 26 468 302  
470 309 468 305  
389 390  
470 309 468 305  
470 314 26 468 305  
314 389 26 31 390  
470 314 26 468 302 305  
13  
13  
389 390  
389 390  
389 390  
389 390  
389 390  
473 545  
391  
391  
391  
51 110  
51 110 391  
496 495 497  
195  
195  
195  
470 309 468 305  
389 390  
470 309 468 305  
470 314 26 468 305  
314 389 26 31 390  
470 314 26 468 302 305  
13  
13  
389 390  
389 390  
389 390  
391  
517  
530 1353  
530 1353  
272 275  
272 275  
403  
310  
310  
310  
305  
228 310 305  
403  
305  
305  
228 310 305  
403  
305  
305  
272 275  
272 275  
228 310 305  
403  
305  
305  
403  
310  
310  
310  
305  
228 310 305  
403  
305  
305  
114  
114  
302 315  
302 315  
302 315  
302 315  
302 315  
302 315  
389 390  
250 320 307  
250 320 307  
250 320 307  
320 307  
307  
115 114 307  
250  
307  
250  
228 310 305  
403  
305  
305  
391  
391  
391  
51 110  
51 110 391  
228 310 305  
403  
305  
305  
250 320 307  
320 307  
250  
250  
153  
389 390  
389 390  
789  
789  
307  
307  
114  
114  
302 315  
302 315  
302 315  
302 315  
302 315  
302 315  
250 320 307  
320 307  
307  
115 114 307  
250  
307  
310 311  
310 305  
310 305  
250  
250  
228 224 310 229 311 227 306 225 226 312 230 305  
473  
149  
389 390  
224 306 320 321 331 312 307 228 310 229 337 326 318 319 313 335 332 308 311 327 226 323 305 317 227 325 322 336 334 302 330 225 333 316 230 324  
391  
391  
391  
115  
391  
115 114  
115 114  
250  
885 250 788 260  
36 813 260  
36 813 250 895 788  
895  
36 37  
36 37  
36 37  
36 37  
36 37  
36 37  
813 819  
36 29 38 39 55 40  
389 390  
389 390  
885 250 788 260  
36 813 260  
36 813 250 895 788  
895  
36 37  
36 37  
36 37  
36 37  
36 37  
36 37  
813 819  
310 311  
310 305  
310 305  
250  
250  
473  
149  
389 390  
391  
391  
391  
115  
391  
115 114  
115 114  
250 320 307  
320 307  
307  
115 114 307  
250  
307  
250  
363 384  
36 27 160 26  
36 33 27 38 387 160  
39  
36 33 39  
33  
27 38 160 387  
36 33 39  
36 33 39  
389 390  
389 390  
160  
387 755 160  
755  
755  
160 387 755  
160 387  
755  
755  
403  
310  
310  
310  
305  
228 310 305  
403  
305  
305  
473  
149  
389 390  
391  
391  
391  
115  
391  
115 114  
115 114  
391  
391  
391  
51 110  
51 110 391  
403  
310  
310  
310  
305  
228 310 305  
403  
305  
305  
389 390  
389 390  
309  
310  
310  
470 309 468 302  
470 26 468 302  
470 26 468 302  
470 26 468 302  
389 390  
389 390  
389 390  
389 390  
389 390  
389 390  
389 390  
389 390  
389 390  
470 309 468  
389 390  
470 309 468  
470 314 26 468  
314 389 26 31 390  
470 314 26 468 302  
389 390  
389 390  
389 390  
302 315  
302 315  
302 315  
302 315  
302 315  
302 315  
250  
250  
1054 1057 728 795 1055 1056 26 789 1064 1049  
1054 1057 728 795 1055 1056 26 789 1064 1049  
1057  
1056  
1054  
1055  
1064  
160  
387 755 160  
755  
755  
160 387 755  
160 387  
755  
755  
320 306 321 331 312 307 310 337 326 318 319 313 335 332 308 311 327 323 305 317 322 325 336 334 302 330 316 333 324  
542  
372  
374  
88 374  
88 389 390  
125 389 156 122 390  
125 389 390  
125 389 390  
391  
391  
391  
545  
36 27 160 26  
36 33 27 755 38 387 160  
39  
36 33 755 39  
33  
27 38 160 387  
36 33 755 39  
36 33 755 39  
885 250 788 260  
36 813 260  
36 813 250 895 788  
895  
36 37  
36 37  
36 37  
36 37  
36 37  
36 37  
813 819  
789  
789  
250  
307  
115 114 307  
250  
307  
250  
389 390  
389 390  
309  
310  
310  
470 309 468 302  
470 26 468 302  
470 26 468 302  
470 26 468 302  
389 390  
389 390  
389 390  
389 390  
389 390  
470 309 468 305  
389 390  
470 309 468 305  
470 314 26 468 305  
314 389 26 31 390  
470 314 26 468 302 305  
13  
13  
389 390  
389 390  
389 390  
195  
195  
195  
391  
391  
391  
51 110  
51 110 391  
391  
391  
391  
51 110  
51 110 391  
542  
372  
374  
88 374  
88 389 390  
125 389 156 122 390  
125 389 390  
125 389 390  
391  
391  
391  
545  
389 390  
389 390  
389 390  
389 390  
389 390  
391  
391  
391  
51 110  
51 110 391  
542  
372  
374  
88 374  
88 389 390  
125 389 156 122 390  
125 389 390  
125 389 390  
391  
391  
391  
545  
307  
115 114 307  
250  
307  
250  
180 179  
391  
391  
391  
51 110  
51 110 391  
180 179  
250  
1054 1057 728 795 1055 1056 26 789 1064 1049  
1054 1057 728 795 1055 1056 26 789 1064 1049  
1057  
1056  
1054  
1055  
1064  
470 309 468 305  
389 390  
470 309 468 305  
470 314 26 468 305  
314 389 26 31 390  
470 314 26 468 302 305  
13  
13  
389 390  
389 390  
389 390  
542  
372  
374  
88 374  
88 389 390  
125 389 156 122 390  
125 389 390  
125 389 390  
391  
391  
391  
545  
160  
387 755 160  
755  
755  
160 387 755  
160 387  
755  
755  
36 38 39 40 66 37  
391  
391  
391  
51 110  
51 110 391  
309  
310  
310  
470 309 468 302  
470 26 468 302  
470 26 468 302  
470 26 468 302  
36 37  
389 390  
389 390  
389 390  
389 390  
389 390  
391  
391  
391  
51 110  
51 110 391  
542  
372  
374  
88 374  
88 389 390  
125 389 156 122 390  
125 389 390  
125 389 390  
391  
391  
391  
545  
391  
391  
391  
51 110  
51 110 391  
542  
372  
374  
88 374  
88 389 390  
125 389 156 122 390  
125 389 390  
125 389 390  
391  
391  
391  
545  
389 390  
389 390  
389 390  
389 390  
389 390  
195  
195  
195  
391  
391  
391  
51 110  
51 110 391  
470 309 468 305  
389 390  
470 309 468 305  
470 314 26 468 305  
314 389 26 31 390  
470 314 26 468 302 305  
13  
13  
389 390  
389 390  
389 390  
470 309 468 305  
389 390  
470 309 468 305  
470 314 26 468 305  
314 389 26 31 390  
470 314 26 468 302 305  
13  
13  
389 390  
389 390  
389 390  
36 27 160 26  
36 33 27 755 38 387 160  
39  
36 33 755 39  
33  
27 38 160 387  
36 33 755 39  
36 33 755 39  
160  
387 755 160  
755  
755  
160 387 755  
160 387  
755  
755  
228 310 305  
403  
305  
305  
272 275  
272 275  
403  
310  
310  
310  
305  
310 311  
310 305  
310 305  
250  
250  
389 390  
389 390  
309  
310  
310  
470 309 468 302  
470 26 468 302  
470 26 468 302  
470 26 468 302  
389 390  
389 390  
389 390  
389 390  
389 390  
470 309 468  
389 390  
470 309 468  
470 314 26 468  
314 389 26 31 390  
470 314 26 468 302  
389 390  
389 390  
389 390  
391  
391  
391  
51 110  
51 110 391  
195  
195  
195  
250  
309 261 31 4  
260 305  
309 261 314  
261  
320 219  
306 320 260 319 305  
260 219  
707 701  
893  
899 873 870  
899  
899  
309 261 31 4  
260 305  
309 261 314  
261  
320 219  
306 320 260 319 305  
260 219  
266 264  
389 390  
859 265 261 866 856  
859 866 856  
745 747 319  
745 314 747  
309 319  
309 319  
319  
319  
319 307  
317 813 860 753 307  
261  
317  
885 250 788 260  
36 813 260  
36 813 250 895 788  
895  
36 37  
36 37  
36 37  
36 37  
36 37  
36 37  
813 819  
261  
261  
261  
261  
261  
261  
261  
261  
261  
261  
261  
261  
813 769 816  
895 788 726 1044  
470 309 468  
389 390  
470 309 468  
470 314 26 468  
314 389 26 31 390  
470 314 26 468 302  
389 390  
389 390  
389 390  
250  
893  
899 873 870  
899 870  
899  
885 250 788 260  
36 813 260  
36 813 250 895 788  
895  
36 37  
36 37  
36 37  
36 37  
36 37  
36 37  
813 819  
895 788 726 1044  
895 788 726 1044  
893  
899 873 870  
899 870  
899  
769  
769  
813 769 816  
893  
899 873 870  
899 870  
899 870  
902 903  
769  
769  
893  
899 873 870  
899 870  
899 870  
769  
769  
813 769 816  
882  
813 769 816  
250  
895 788 726 1044  
1054 1057 728 795 1055 1056 789 1064 1049  
1054 1057 728 795 1055 1056 789 1064 1049  
1057  
1056  
1054  
1055  
1064  
1054 1057 728 795 1055 1056 26 789 1064 1049  
1054 1057 728 795 1055 1056 26 789 1064 1049  
1057  
1056  
1054  
1055  
1064  
789  
789  
893  
899 873 870  
899 870  
899 870  
1054 1057 728 795 1055 1056 26 789 1064 1049  
1054 1057 728 795 1055 1056 26 789 1064 1049  
1057  
1056  
1054  
1055  
1064  
1094  
1054 1057 728 795 1055 1056 789 1064 1049  
1054 1057 728 795 1055 1056 789 1064 1049  
1057  
1056  
1054  
1055  
1064  
1054 1057 728 795 1055 1056 26 789 1064 1049  
1054 1057 728 795 1055 1056 26 789 1064 1049  
1057  
1056  
1054  
1055  
1064  
1094  
895 788 726 1044  
250  
859 265 261 866 856  
859 866 856  
745 747 319  
745 314 747  
1054 1057 728 795 1055 1056 789 1064 1049  
1054 1057 728 795 1055 1056 789 1064 1049  
1057  
1056  
1054  
1055  
1064  
1054 1057 728 795 1055 1056 26 789 1064 1049  
1054 1057 728 795 1055 1056 26 789 1064 1049  
1057  
1056  
1054  
1055  
1064  
160  
387 755 160  
755  
755  
160 387 755  
160 387  
755  
755  
789  
789  
813 788 860 797  
250  
813 769 816  
895 788 726 1044  
309 319  
309 319  
319  
319  
319 307  
317 813 860 753 307  
261  
317  
885 250 788 260  
36 813 260  
36 813 250 895 788  
895  
36 37  
36 37  
36 37  
36 37  
36 37  
36 37  
813 819  
250  
36 27 160 26  
36 33 27 755 38 387 160  
39  
36 33 755 39  
33  
27 38 160 387  
36 33 755 39  
36 33 755 39  
160  
387 755 160  
755  
755  
160 387 755  
160 387  
755  
755  
769  
769  
813 788 860 797  
250  
309 319  
309 319  
319  
319  
319 307  
317 813 860 753 307  
261  
317  
885 250 788 260  
36 813 260  
36 813 250 895 788  
895  
36 37  
36 37  
36 37  
36 37  
36 37  
36 37  
813 819  
265  
266 261  
266 261 389 390  
530 261 389 1353 390  
530 261 389 1353 390  
383 530 377 389 302 531 1353 319  
389  
261  
261  
261  
383 530 377 302 531 1353 319  
377 319  
383  
261  
261  
261  
265  
266 261  
266 261 389 390  
530 261 389 1353 390  
530 261 389 1353 390  
383 530 377 389 302 531 1353 319  
389  
261  
261  
261  
383 530 377 302 531 1353 319  
377 319  
383  
261  
261  
261  
265  
266 261  
266 261 389 390  
530 261 389 1353 390  
530 261 389 1353 390  
383 530 377 389 302 531 1353 319  
389  
261  
261  
261  
383 530 377 302 531 1353 319  
377 319  
383  
261  
261  
261  
1321  
1297 722 1301  
722 1286 1178  
 
