273 (458)
65 (464)
1686 (471)
72 (476)
76 (478)
457 (499)
390 (508)
107 (510)
58 (609)
507 497 690 (494)
26 (626)
13 237 38 (590)
56 38 (513)
96 (736)
74 38 (576)
45 38 (595)
229 (730)
507 540 (501)
15 231 13 (468)
82 (795)
54 38 (558)
257 (828)
299 15 231 (465)
242 80 (630)
232 242 (468)
268 266 (465)
64 (892)
80 231 (512)
540 497 (631)
431 80 (578)
232 231 (641)
232 80 (463)
80 38 (653)
239 15 231 237 (578)
299 231 237 (541)
299 15 237 (475)
365 237 (464)
231 13 237 (501)
239 15 13 237 (521)
80 13 237 (455)
239 15 80 237 (506)
231 237 38 (483)
80 401 (721)
401 38 (585)
