2558 (131)
1737 (131)
1483 (133)
823 (133)
704 (133)
2617 (134)
2304 (134)
2078 (136)
1690 (136)
198 538 522 1132 1122 449 (172)
450 449 (298)
2437 (143)
579 1160 1023 (141)
2409 (151)
836 (154)
2093 (156)
1705 (156)
2134 1970 1113 2434 1977 (131)
1038 (158)
612 (158)
617 1113 (141)
1913 1912 (163)
510 572 (136)
1373 (164)
1113 572 (211)
2748 1976 2697 1970 1113 2434 1977 (144)
875 (172)
2570 (175)
577 572 (150)
840 449 (170)
489 490 (139)
883 (181)
2110 2136 (176)
1126 (355)
877 (187)
1132 1023 (192)
471 (194)
1976 1970 1113 2137 2434 2361 1977 (137)
185 231 228 8 (143)
497 (204)
909 572 (269)
1753 (207)
1858 (222)
1021 (269)
1044 (211)
2274 2272 572 (168)
135 146 134 133 2201 2893 450 (140)
663 (213)
1020 449 (178)
420 (247)
2128 2137 (132)
578 572 (205)
2124 2697 2341 1113 2137 2434 2361 (141)
579 572 (140)
1160 1122 (216)
438 (357)
440 449 (162)
1970 1977 1122 (132)
1923 1922 1924 (156)
1240 1023 1122 (236)
436 2408 (204)
2124 2748 2697 2341 2137 2434 2361 1122 (131)
1853 (310)
1678 1677 627 617 (141)
2079 2122 2084 (142)
739 (320)
2124 2748 1976 2697 1970 2341 2137 2434 2361 1977 (150)
2124 1976 1970 2341 2137 2361 1122 (158)
466 1160 (146)
451 452 (187)
2081 2122 2084 (135)
2108 2136 (187)
2074 2137 2361 (142)
1023 1113 1122 (152)
1958 2124 2341 2137 2361 1977 (146)
702 1958 2124 1976 1970 2341 2137 2361 (138)
2135 2748 2697 2341 2137 2361 (131)
2124 2748 2134 2697 2341 2137 2434 2361 (132)
2171 1020 2361 (168)
2135 2697 2341 2137 1937 (136)
702 1976 2341 2137 1937 (143)
2593 1972 2124 2748 1976 2697 1970 2341 1113 2137 2361 1977 1937 (151)
2697 2341 1113 2137 2434 1937 (147)
1958 2124 1976 2341 2137 2361 1937 (133)
1958 2124 1970 2341 2137 2361 1937 (139)
1708 2748 2697 2341 2137 2434 1937 (144)
2074 2341 2137 1937 (131)
1711 2748 2697 2341 2137 2434 1937 (139)
2124 2748 1976 2697 1970 2341 2137 2434 2361 1937 (150)
1113 2137 2434 2361 1937 (136)
1959 1961 1962 2665 2116 1973 1978 1972 1968 1964 2124 2748 1976 1967 2134 2697 1970 2341 1113 2137 2361 1977 1937 (132)
2593 2665 1970 2341 2137 2361 1977 1937 (141)
1958 2341 2137 2361 1977 1937 (137)
2524 1937 (184)
2124 2697 2341 2137 2361 1122 1937 (143)
909 1937 (133)
1976 2697 1970 1113 2434 1977 1937 (150)
1968 1964 2748 2697 1970 2434 1937 (144)
2748 2697 2341 2137 2434 2361 1977 1937 (150)
2593 1968 1964 1976 1970 1937 (140)
1962 1978 1968 2748 1976 2134 2697 1970 2434 1977 1937 (132)
1976 1970 1122 1937 (135)
1970 2341 2137 2361 1122 1937 (132)
2676 2063 2069 703 2077 1974 2447 531 2116 2122 1973 1978 2084 1972 1968 1964 2124 1976 1967 2134 2697 1970 2341 2137 2434 2361 1977 572 1937 449 (175)
1660 449 (149)
