479 (304)
2204 (307)
2141 (310)
516 506 (312)
1807 (312)
366 (318)
380 (370)
1377 (1698)
729 (352)
1022 830 918 (330)
2060 472 (361)
921 (358)
911 918 (315)
1740 1653 1644 1654 (301)
827 (964)
2335 2290 1986 1808 2060 2001 (316)
2274 1740 1748 (312)
950 (498)
2040 (476)
381 (481)
478 (550)
925 918 (385)
911 1654 (310)
1986 1808 472 1614 (298)
1734 1795 1986 1808 2001 1614 (296)
1787 1650 1655 1649 1645 1795 1641 1653 1644 2290 1647 1805 1986 1808 2001 1654 1614 (361)
1740 1645 1641 1644 1647 1654 (305)
1795 1653 2290 1647 1805 1986 1808 2060 2001 1654 (297)
2335 2290 1647 2060 (296)
1740 2060 (317)
2335 2290 1986 1808 2001 1654 1614 (309)
2335 1653 2290 1647 1986 1808 2001 (300)
911 1986 1808 (292)
911 1808 2001 (299)
1650 1655 1645 1641 1653 2290 1647 1805 2060 1654 1614 (309)
1645 1641 1644 2290 1647 1805 1986 1808 2060 2001 1654 1614 (300)
911 1808 1614 (306)
1787 1795 2290 1805 1986 1808 2060 2001 1614 (304)
1787 1795 1653 2290 1647 1986 1808 2060 2001 1614 (309)
2264 1986 1808 2001 1614 (300)
2335 2290 1647 1986 1808 2001 1614 (345)
1645 2335 2290 1647 1614 (305)
1653 1647 911 1614 (309)
2290 911 1614 (292)
1795 2335 2290 1986 1808 2001 1614 (351)
2335 2290 1986 1808 2060 1614 (309)
2335 1653 2290 1647 1654 1614 (324)
1649 1795 1653 2290 1647 1986 1808 2060 2001 1654 1614 (322)
1734 1986 1808 2001 1654 1614 (324)
570 2073 1651 445 1793 1650 1655 1755 1649 1645 1641 1653 1644 1647 1805 2060 1654 378 (312)
379 378 (312)
1787 378 (325)
1748 2060 378 (306)
2060 1614 378 (300)
472 378 (423)
