252  
253  
253  
245 392 252 394  
21 245 392 394  
21 245 392 394  
21 245 392 394  
392 252 248 394  
321 322  
392 252 248 394  
21 257 392 248 394  
21 257 321 322 26  
257 245 21 392 248 394  
10  
10  
321 322  
321 322  
321 322  
321 322  
321 322  
396 452  
252  
253  
253  
245 392 252 394  
21 245 392 394  
21 245 392 394  
21 245 392 394  
159  
159  
159  
323  
323  
323  
46 92  
323 46 92  
323  
431  
1146 441  
1146 441  
332  
253  
253  
253  
248  
248 187 253  
332  
248  
248  
332  
253  
253  
253  
248  
224 227  
224 227  
332  
253  
253  
253  
248  
224 227  
224 227  
332  
253  
253  
253  
248  
248 187 253  
332  
248  
248  
321 322  
245 258  
245 258  
245 258  
245 258  
245 258  
245 258  
97 321  
97 321  
95  
95  
250  
250 95 96  
205  
250  
205 250 263  
250 263  
205 250 263  
205 250 263  
205  
205  
248 187 253  
332  
248  
248  
323  
323  
323  
46 92  
323 46 92  
248 187 253  
332  
248  
248  
205  
205  
205 250 263  
250 263  
205 660 750 214  
214 31 685  
205 660 760 31 685  
760  
31 32  
31 32  
31 32  
31 32  
31 32  
31 32  
685 691  
661  
661  
245 258  
245 258  
245 258  
245 258  
245 258  
245 258  
97 322  
97 321  
95  
95  
205  
250  
250 95 96  
205  
250  
254 253  
248 253  
248 253  
205  
205  
323  
323  
323  
96  
323  
95 96  
95 96  
396  
123  
321 322  
205  
321 322  
321 322  
205 250 263  
250 263  
205 250 263  
205 250 263  
205  
205 660 750 214  
214 31 685  
205 660 760 31 685  
760  
31 32  
31 32  
31 32  
31 32  
31 32  
31 32  
685 691  
323  
323  
323  
96  
323  
95 96  
95 96  
396  
123  
321 322  
205  
21 22 132 31  
22 132 28 31 320 33  
34  
28 34 31  
28  
22 320 132 33  
28 34 31  
28 34 31  
332  
253  
253  
253  
248  
321 322  
321 322  
248 187 253  
332  
248  
248  
323  
323  
323  
46 92  
323 46 92  
323  
323  
323  
96  
323  
95 96  
95 96  
396  
123  
321 322  
321 322  
321 322  
321 322  
321 322  
321 322  
321 322  
321 322  
321 322  
252  
253  
253  
245 392 252 394  
21 245 392 394  
21 245 392 394  
21 245 392 394  
392 252 248 394  
321 322  
392 252 248 394  
21 257 392 248 394  
21 257 321 322 26  
257 245 21 392 248 394  
10  
10  
321 322  
321 322  
321 322  
321 322  
321 322  
321 322  
205  
205  
245 258  
245 258  
245 258  
245 258  
245 258  
245 258  
332  
253  
253  
253  
248  
248 187 253  
332  
248  
248  
21 22 132 31  
22 132 28 31 320 33 630  
34  
28 34 31 630  
28  
22 320 132 33  
28 34 31 630  
28 34 31 630  
661  
661  
205  
205  
205 250 263  
205 250 263  
321 322  
321 322  
321 322  
321 322  
321 322  
252  
253  
253  
245 392 252 394  
21 245 392 394  
21 245 392 394  
21 245 392 394  
392 252 248 394  
321 322  
392 252 248 394  
21 257 392 248 394  
21 257 321 322 26  
257 245 21 392 248 394  
10  
10  
321 322  
321 322  
321 322  
321 322  
321 322  
159  
159  
159  
323  
323  
323  
46 92  
323 46 92  
449  
307  
308  
308 74  
321 322 74  
103 321 322 101 129  
103 321 322  
103 321 322  
323  
323  
323  
452  
205 660 750 214  
214 31 685  
205 660 760 31 685  
760  
31 32  
31 32  
31 32  
31 32  
31 32  
31 32  
685 691  
449  
307  
308  
308 74  
321 322 74  
103 321 322 101 129  
103 321 322  
103 321 322  
323  
323  
323  
452  
323  
323  
323  
46 92  
323 46 92  
321 322  
321 322  
321 322  
321 322  
321 322  
449  
307  
308  
308 74  
321 322 74  
103 321 322 101 129  
103 321 322  
103 321 322  
323  
323  
323  
452  
205  
205 250 263  
205 250 263  
323  
323  
323  
46 92  
323 46 92  
21 22 132 31  
22 132 28 31 320 33 630  
34  
28 34 31 630  
28  
22 320 132 33  
28 34 31 630  
28 34 31 630  
321 322  
321 322  
321 322  
321 322  
321 322  
252  
253  
253  
245 392 252 394  
21 245 392 394  
21 245 392 394  
21 245 392 394  
392 252 248 394  
321 322  
392 252 248 394  
21 257 392 248 394  
21 257 321 322 26  
257 245 21 392 248 394  
10  
10  
321 322  
321 322  
321 322  
323  
323  
323  
46 92  
323 46 92  
449  
307  
308  
308 74  
321 322 74  
103 321 322 101 129  
103 321 322  
103 321 322  
323  
323  
323  
452  
323  
323  
323  
46 92  
323 46 92  
449  
307  
308  
308 74  
321 322 74  
103 321 322 101 129  
103 321 322  
103 321 322  
323  
323  
323  
452  
323  
323  
323  
46 92  
323 46 92  
449  
307  
308  
308 74  
321 322 74  
103 321 322 101 129  
103 321 322  
103 321 322  
323  
323  
323  
452  
321 322  
321 322  
321 322  
321 322  
321 322  
159  
159  
159  
323  
323  
323  
46 92  
323 46 92  
392 252 248 394  
321 322  
392 252 248 394  
21 257 392 248 394  
21 257 321 322 26  
257 245 21 392 248 394  
10  
10  
321 322  
321 322  
321 322  
392 252 248 394  
321 322  
392 252 248 394  
21 257 392 248 394  
21 257 321 322 26  
257 245 21 392 248 394  
10  
10  
321 322  
321 322  
321 322  
21 22 132 31  
22 132 28 31 320 33 630  
34  
28 34 31 630  
28  
22 320 132 33  
28 34 31 630  
28 34 31 630  
332  
253  
253  
253  
248  
224 227  
224 227  
254 253  
248 253  
248 253  
205  
205  
332  
253  
253  
253  
248  
321 322  
321 322  
159  
159  
159  
323  
323  
323  
46 92  
323 46 92  
215  
215  
215  
215  
215  
215  
215  
215  
215  
215  
215  
215  
205  
321 322  
321 322  
321 322  
321 322  
321 322  
252  
253  
253  
245 392 252 394  
21 245 392 394  
21 245 392 394  
21 245 392 394  
392 252 248 394  
321 322  
392 252 248 394  
21 257 392 248 394  
21 257 321 322 26  
257 245 21 392 248 394  
10  
10  
321 322  
321 322  
321 322  
2 214 248  
257 321 322 135  
2 257 321 322 135 201  
214 248  
135  
257 321 322 215 135  
257 321 322 215 135  
257 321 322 135  
257 321 322 135  
257 321 322 215 135  
2 214 248  
2 257 321 322 135  
2 214 248  
257 252 215  
2 257 252  
135  
215  
263 179  
215 214 248 262 249  
252 257 321 322 215 135  
214  
2 252 179  
252 179  
214 179  
214  
214  
2 214 248  
214 248  
214 248  
257 321 322 135  
2 257 321 322 135 201  
214 248  
135  
257 321 322 215 135  
257 321 322 215 135  
257 321 322 135  
257 321 322 135  
257 321 322 215 135  
2 214 248  
2 257 321 322 135  
2 214 248  
257 252 215  
2 257 252  
135  
215  
263 179  
215 214 248 262 249  
252 257 321 322 215 135  
214  
2 252 179  
252 179  
214 179  
214  
214  
214  
321 322  
585 589  
758  
740 738 764  
764  
764  
642 688 685  
660 602 760 875  
215  
215  
215  
215  
215  
215  
215  
215  
215  
215  
215  
215  
205 660 750 214  
214 31 685  
205 660 760 31 685  
760  
31 32  
31 32  
31 32  
31 32  
31 32  
31 32  
685 691  
252 262  
252 262  
262  
262  
250 262  
250 685 260 628 730  
215  
260  
729 726 215 219 736  
729 726 736  
262 620 622  
257 620 622  
2 214 248  
214 248  
214 248  
257 321 322 135  
2 257 321 322 135 201  
214 248  
135  
257 321 322 215 135  
257 321 322 215 135  
257 321 322 135  
257 321 322 135  
257 321 322 215 135  
2 214 248  
2 257 321 322 135  
2 214 248  
257 252 215  
2 257 252  
135  
215  
263 179  
215 214 248 262 249  
252 257 321 322 215 135  
214  
2 252 179  
252 179  
214 179  
214  
214  
214  
2 214 248  
257 321 322 135  
2 257 321 322 135 201  
214 248  
135  
257 321 322 215 135  
257 321 322 215 135  
257 321 322 135  
257 321 322 135  
257 321 322 215 135  
2 214 248  
2 257 321 322 135  
2 214 248  
257 252 215  
2 257 252  
135  
215  
263 179  
215 214 248 262 249  
252 257 321 322 215 135  
214  
2 252 179  
252 179  
214 179  
214  
214  
321 322  
321 322  
252  
253  
253  
245 392 252 394  
21 245 392 394  
21 245 392 394  
21 245 392 394  
205  
758  
740 738 764  
738 764  
764  
205 660 750 214  
214 31 685  
205 660 760 31 685  
760  
31 32  
31 32  
31 32  
31 32  
31 32  
31 32  
685 691  
758  
740 738 764  
738 764  
764  
660 602 760 875  
660 602 760 875  
642 688 685  
642  
642  
758  
740 738 764  
738 764  
738 764  
642  
642  
758  
740 738 764  
738 764  
738 764  
642 688 685  
642  
642  
642 688 685  
660 602 760 875  
661 604 879 887 886 884 885 667 894  
661 604 879 887 886 884 885 667 894  
887  
886  
884  
885  
894  
661  
661  
205  
758  
740 738 764  
738 764  
738 764  
661 604 879 887 886 884 885 667 894  
661 604 879 887 886 884 885 667 894  
887  
886  
884  
885  
894  
661 604 879 887 886 884 885 667 894  
661 604 879 887 886 884 885 667 894  
887  
886  
884  
885  
894  
660 602 760 875  
205  
729 726 215 219 736  
729 726 736  
262 620 622  
257 620 622  
205 660 750 214  
214 31 685  
205 660 760 31 685  
760  
31 32  
31 32  
31 32  
31 32  
31 32  
31 32  
685 691  
661 604 879 887 886 884 885 667 894  
661 604 879 887 886 884 885 667 894  
887  
886  
884  
885  
894  
661  
661  
660 669 685 730  
205  
642 688 685  
660 602 760 875  
252 262  
252 262  
262  
262  
250 262  
250 685 260 628 730  
215  
260  
205  
205 660 750 214  
214 31 685  
205 660 760 31 685  
760  
31 32  
31 32  
31 32  
31 32  
31 32  
31 32  
685 691  
21 22 132 31  
22 132 28 31 320 33 630  
34  
28 34 31 630  
28  
22 320 132 33  
28 34 31 630  
28 34 31 630  
205  
660 669 685 730  
642  
642  
252 262  
252 262  
262  
262  
250 262  
250 685 260 628 730  
215  
260  
729 726 215 219 736  
729 726 736  
262 620 622  
257 620 622  
219  
215 220  
215 220 321 322  
215 1146 441 321 322  
215 1146 441 321 322  
321 1146 441 442 245 262 311 317  
321  
215  
215  
215  
1146 441 442 245 262 311 317  
262 311  
317  
215  
215  
215  
219  
215 220  
215 220 321 322  
215 1146 441 321 322  
215 1146 441 321 322  
321 1146 441 442 245 262 311 317  
321  
215  
215  
215  
1146 441 442 245 262 311 317  
262 311  
317  
215  
215  
215  
219  
215 220  
215 220 321 322  
215 1146 441 321 322  
215 1146 441 321 322  
321 1146 441 442 245 262 311 317  
321  
215  
215  
215  
1146 441 442 245 262 311 317  
262 311  
317  
215  
215  
215  
1119  
599 1100 1097  
599 1087 992  
 
