549 (1330)
771 (1359)
615 (1397)
681 (1405)
1881 (1408)
1775 (1423)
326 (1434)
494 (1442)
1638 (1501)
1723 (1510)
1170 (1571)
661 (1581)
619 (1609)
1781 1740 (1459)
1620 (1649)
770 772 (2774)
1654 (6922)
783 (1748)
503 (1749)
1243 (1770)
1557 (1787)
1096 (1814)
1890 1128 (1486)
673 1740 (1462)
1120 (1958)
1780 772 (1396)
490 93 (1789)
1106 1856 (1457)
745 (2120)
617 (2195)
1749 (2344)
605 (2377)
2 (2412)
94 93 (2715)
1216 1258 (1505)
499 93 (1325)
748 1745 1740 (1367)
499 490 (1580)
753 1745 1740 (1558)
1115 1261 1262 (1419)
1780 770 (2287)
1741 1745 (1477)
1974 1877 (1656)
1128 1240 (1456)
1104 1261 1240 1740 (1318)
1104 1261 1262 1240 (1452)
1779 1261 1262 1240 (1314)
1115 1261 1240 (1318)
1104 1261 1240 1730 (1340)
1064 1730 (1432)
1104 1262 1240 1730 1740 (1483)
1261 1262 1240 1730 1740 (1890)
1572 1730 1740 (1375)
1745 1730 1740 (2075)
1877 1730 1740 (2119)
1741 1730 1740 (2506)
