309  
309  
306  
53 309  
248 323  
320 247 323  
247 323  
323  
320 247 323  
247 323  
323  
229 527 189 309  
309  
490 190 492 309  
490 190 492 309  
490 492  
336  
191 190 189  
191 190 189  
191 190 189  
191 190 189  
191 190 189  
191 190 189  
331  
53 331  
490 492  
229 527 189 309  
309  
490 190 492 309  
490 190 492 309  
148 315 481 453 374  
148 315 481 453 374  
328 163 373  
328 163 373  
328 163 373  
328 163 373  
309  
309  
306  
53 309  
248 323  
490 492  
336  
191 190 189  
191 190 189  
191 190 189  
191 190 189  
191 190 189  
191 190 189  
331  
53 331  
490 492  
309  
57 413  
413  
413  
413  
413 60  
229 527 401 406 48  
229 527 401 406 48  
57 153 65 46  
48  
53 123 356  
157 158  
53 123 356  
53  
412  
412  
412  
191 190 189  
191 190 189  
191 190 189  
191 190 189  
191 190 189  
191 190 189  
331  
53 331  
191 189  
229 527 401 406  
153 193 307  
193 307  
42  
42 527 193 329  
527 328 193 410  
490 322 315 492 481 419  
452 490 322 315 492 481 309  
309  
42  
452 42 315 481  
527 466 193 465 329  
465  
465 492  
466  
490 466  
328  
328  
328  
309  
466 465 343 309  
466 465 343 309  
466 465 343  
466 465 343 309  
466 465 343 309  
466 465 315  
466 465 315  
466 315 465  
328 343  
466 465 343  
490 492 419  
419 329  
322 419  
419 329  
419 329  
419 329  
419  
343 329  
343 162 309  
315 481 133  
161 309  
527 490 193 492 329  
527 490 193 492 329  
329  
322 419  
322 419  
322 193 419  
322 419  
322 419  
305  
490 527 193 492 373  
57 229 527 401 406 48 46  
309  
309  
306  
53 309  
248 323  
191 190 189  
191 190 189  
191 190 189  
191 190 189  
191 190 189  
191 190 189  
331  
53 331  
191 460 189  
191 189  
309  
309  
229 527 401 406  
153 193 307  
193 307  
42  
42 527 193 329  
527 328 193 410  
490 322 315 492 481 419  
452 490 322 315 492 481 309  
309  
42  
452 42 315 481  
527 466 193 465 329  
465  
465 492  
466  
490 466  
328  
328  
328  
309  
466 465 343 309  
466 465 343 309  
466 465 343  
466 465 343 309  
466 465 343 309  
466 465 315  
466 465 315  
466 315 465  
328 343  
466 465 343  
490 492 419  
419 329  
322 419  
419 329  
419 329  
419 329  
419  
343 329  
343 162 309  
315 481 133  
161 309  
527 490 193 492 329  
527 490 193 492 329  
329  
322 419  
322 419  
322 193 419  
322 419  
322 419  
305  
490 527 193 492 373  
229 527 189 309  
309  
490 190 492 309  
490 190 492 309  
148 132  
148 132  
161 315 453  
315 481 453  
161 315 481 453  
144 374  
144 374  
144 374  
46 374  
57 401 406 48 46 405  
57 401 406 48 46 405  
57 401 406 48 46 405  
57 401 406 48 46 405  
229 527 189 309  
309  
490 190 492 309  
490 190 492 309  
229 527 374  
229 527 374  
229 527 374  
229 527 374  
229 527 374  
229 527 374  
229 527 374  
229 157 315 412  
229 527 401 153 406  
229 527 401 406  
57 153 48 46  
229 527 401 406  
153 193 307  
193 307  
148 315 481 453 374  
148 315 481 453 374  
46 374  
57 229 527 401 406 48 46  
328 163 373  
328 163 373  
328 163 373  
328 163 373  
453  
453  
453  
303  
453  
453  
57 229 527 401 406 48 46 309  
57 229 527 401 406 48 46 309  
309  
57 413  
413  
413  
413  
413 60  
229 527 401 406 48  
229 527 401 406 48  
57 153 65 46  
48  
53 123 356  
157 158  
53 123 356  
53  
412  
412  
412  
229 527 401 406 46  
46  
229 527 401 406 46  
229 527 401 406 46  
148 132  
148 132  
161 315 453  
315 481 453  
161 315 481 453  
57 401 406 48 46 405  
191 460 189  
309  
57 413  
413  
413  
413  
413 60  
229 527 401 406 48  
229 527 401 406 48  
57 153 65 46  
48  
53 123 356  
157 158  
53 123 356  
53  
412  
412  
412  
191 460 189  
309  
309  
306  
53 309  
248 323  
229 527 401 406 46  
46  
229 527 401 406 46  
229 527 401 406 46  
46 374  
46 374  
229 527 401 406  
153 193 307  
193 307  
57 229 527 401 406 48 46  
57 401 406 48 46 405  
328 163 373  
328 163 373  
328 163 373  
328 163 373  
42  
191 190 189  
191 190 189  
191 190 189  
191 190 189  
191 190 189  
191 190 189  
331  
53 331  
57 114 48 356 189  
229 527 114 356 189  
490 157 492 163  
490 466 157 315 492 163 309  
114 356 189  
307 306 492  
114 307 306 356 189  
490 466 157  
114 157 356 189  
114 307 306 356 189  
57 229 527 46 220  
453  
453  
453  
303  
453  
453  
57 229 527 401 406 48 46 309  
57 229 527 401 406 48 46 309  
57 401 406 48 46 405  
57 401 406 48 46 405  
57 401 406 48 46 405  
57 401 406 48 46 405  
57 401 406 48 46 405  
57 401 406 48 46 405  
57 401 406 48 46 405  
57 401 406 48 46 405  
57 401 406 48 46 405  
57 401 406 48 46 405  
191 190 189  
191 190 189  
191 190 189  
191 190 189  
191 190 189  
191 190 189  
233 235  
331  
53 331  
57 401 406 48 46 405  
57 401 406 48 46 405  
233  
57 229 527 401 406 48 46  
309  
309  
306  
53 309  
248 323  
191 190 189  
191 190 189  
191 190 189  
191 190 189  
191 190 189  
191 190 189  
331  
53 331  
191 190 189  
191 190 189  
191 190 189  
191 190 189  
191 190 189  
191 190 189  
331  
53 331  
42  
309  
57 413  
413  
413  
413  
413 60  
229 527 401 406 48  
229 527 401 406 48  
57 153 65 46  
48  
53 123 356  
157 158  
53 123 356  
53  
412  
412  
412  
309  
309  
306  
53 309  
248 323  
229 527 401 406  
153 193 307  
193 307  
328 163 373  
328 163 373  
328 163 373  
328 163 373  
229 527 401 406 46  
46  
229 527 401 406 46  
229 527 401 406 46  
309  
57 413  
413  
413  
413  
413 60  
229 527 401 406 48  
229 527 401 406 48  
57 153 65 46  
48  
53 123 356  
157 158  
53 123 356  
53  
412  
412  
412  
100 99 97 98 96  
309  
309  
306  
53 309  
248 323  
309  
57 413  
413  
413  
413  
413 60  
229 527 401 406 48  
229 527 401 406 48  
57 153 65 46  
48  
53 123 356  
157 158  
53 123 356  
53  
412  
412  
412  
57 401 406 48 46 405  
57 401 406 48 46 405  
57 401 406 48 46 405  
57 401 406 48 46 405  
57 401 406 48 46 405  
57 401 406 48 46 405  
57 401 406 48 46 405  
191 190 189  
191 190 189  
191 190 189  
191 190 189  
191 190 189  
191 190 189  
331  
53 331  
57 401 406 48 46 405  
57 401 406 48 46 405  
57 401 406 48 46 405  
57 401 406 48 46 405  
57 401 406 48 46 405  
57 401 406 48 46 405  
57 401 406 48 46 405  
57 401 406 48 46 405  
57 401 406 48 46 405  
57 401 406 48 46 405  
57 401 406 48 46 405  
57 401 406 48 46 405  
46 374  
453  
453  
453  
453  
453  
453  
57 229 527 401 406 48 46 309  
57 229 527 401 406 48 46 309  
57 229 527 46 220  
57 229 527 401 406 48 46  
46 374  
309  
57 413  
413  
413  
413  
413 60  
229 527 401 406 48  
229 527 401 406 48  
57 153 65 46  
48  
53 123 356  
157 158  
53 123 356  
53  
412  
412  
412  
309  
309  
306  
53 309  
248 323  
229 527 401 406 46  
46  
229 527 401 406 46  
229 527 401 406 46  
57 401 406 48 46 405  
191 190 189  
191 190 189  
191 190 189  
191 190 189  
191 190 189  
191 190 189  
331  
53 331  
57 401 406 48 46 405  
309  
57 413  
413  
413  
413  
413 60  
229 527 401 406 48  
229 527 401 406 48  
57 153 65 46  
48  
53 123 356  
157 158  
53 123 356  
53  
412  
412  
412  
191 190 189  
191 190 189  
191 190 189  
191 190 189  
191 190 189  
191 190 189  
331  
53 331  
328 163 373  
328 163 373  
328 163 373  
328 163 373  
191 190 189  
191 190 189  
191 190 189  
191 190 189  
191 190 189  
191 190 189  
331  
53 331  
328 163 373  
328 163 373  
328 163 373  
328 163 373  
328 163 373  
328 163 373  
328 163 373  
328 163 373  
309  
57 413  
413  
413  
413  
413 60  
229 527 401 406 48  
229 527 401 406 48  
57 153 65 46  
48  
53 123 356  
157 158  
53 123 356  
53  
412  
412  
412  
229 527 401 406 46  
46  
229 527 401 406 46  
229 527 401 406 46  
490 492  
191 190 189  
191 190 189  
191 190 189  
191 190 189  
191 190 189  
191 190 189  
331  
53 331  
490 492  
191 189  
191 190 189  
191 190 189  
309  
57 413  
413  
413  
413  
413 60  
229 527 401 406 48  
229 527 401 406 48  
57 153 65 46  
48  
53 123 356  
157 158  
53 123 356  
53  
412  
412  
412  
309  
229 527 189 309  
309  
490 190 492 309  
490 190 492 309  
229 157 315 412  
229 527 401 153 406  
229 527 401 406  
57 153 48 46  
229 527 401 406  
153 193 307  
193 307  
42  
42 527 193 329  
527 328 193 410  
490 322 315 492 481 419  
452 490 322 315 492 481 309  
309  
42  
452 42 315 481  
527 466 193 465 329  
465  
465 492  
466  
490 466  
328  
328  
328  
309  
466 465 343 309  
466 465 343 309  
466 465 343  
466 465 343 309  
466 465 343 309  
466 465 315  
466 465 315  
466 315 465  
328 343  
466 465 343  
490 492 419  
419 329  
322 419  
419 329  
419 329  
419 329  
419  
343 329  
343 162 309  
315 481 133  
161 309  
527 490 193 492 329  
527 490 193 492 329  
329  
322 419  
322 419  
322 193 419  
322 419  
322 419  
305  
490 527 193 492 373  
2  
2  
356  
356 309  
309  
309  
309  
356  
356  
320 247 323  
247 323  
323  
305  
305  
148 315 481 453 374  
148 315 481 453 374  
331  
53  
306 355 331  
305  
57 59 62  
328 163 373  
328 163 373  
328 163 373  
328 163 373  
490 492  
191 190 189  
191 190 189  
191 190 189  
191 190 189  
191 190 189  
191 190 189  
331  
53 331  
191 460 189  
490 492  
229 527 189 309  
309  
490 190 492 309  
490 190 492 309  
229 527 189 309  
309  
490 190 492 309  
490 190 492 309  
57 401 406 46 405  
57 401 406 46 405  
229 527 401 406  
153 193 307  
193 307  
453  
453  
453  
303  
453  
453  
57 229 527 401 406 48 46 309  
57 229 527 401 406 48 46 309  
57 229 527 46 220  
57 229 527 401 406 48 46  
229 527 401 406 46  
46  
229 527 401 406 46  
229 527 401 406 46  
229 527 189 309  
309  
490 190 492 309  
490 190 492 309  
57 401 406 46 405  
57 401 406 46 405  
229 527 401 406  
153 193 307  
193 307  
453  
453  
453  
303  
453  
453  
57 229 527 401 406 48 46 309  
57 229 527 401 406 48 46 309  
57 229 527 46 220  
57 229 527 401 406 48 46  
191 190 189  
191 190 189  
191 190 189  
191 190 189  
191 190 189  
191 190 189  
331  
53 331  
57 229 527 401 406 48 46  
514 554  
514 554  
514 554  
554  
554  
554  
554  
514 554  
514 554  
514 554  
514 554  
514 554  
514 554  
527  
514 554  
514 554  
514  
514  
514 554  
514 554  
514 554  
514 554  
514 554  
514 554  
514 554  
527  
514 554  
514 554  
556 558 550 547  
556 558 550 547  
556 550 547  
556  
550 547  
514 554  
514  
514 521 554  
514 554  
514 554  
514 554  
514 554  
514 554  
557  
557 556 558  
557 556 558  
557 556  
556  
557  
557  
514 554  
514 554  
514 554  
514 554  
514 554  
514 554  
514 554  
514 554  
514 554  
514 554  
514 554  
514 554  
514 554  
514 554  
514 554  
514 554  
514 554  
514 554  
514 554  
514 554  
514 554  
514 554  
514 554  
514 554  
514 554  
559  
559  
514 554  
514 554  
514 554  
514 554  
514 554  
514 554  
514 554  
514 554  
514 554  
514 554  
527  
514 521 554  
559  
559  
514 554  
514 554  
514 554  
514 554  
514 554  
514 554  
514 554  
514 554  
514 554  
514 554  
514 554  
514 554  
514 554  
514 554  
514 554  
514 554  
514 554  
514 554  
514 554  
514 554  
554  
514 554  
514 554  
514 554  
514 554  
514 554  
527  
527  
514 554  
514 554  
514 554  
514 554  
514  
514  
514 554  
514 554  
516 514 554  
514  
514 554  
514  
514 554  
514 554  
514 554  
514 554  
514 554  
514 554  
514 554  
514 554  
514 554  
514 554  
514 554  
514 554  
557  
559  
514 554  
514 554  
559  
514 554  
514 554  
514  
514  
514 554  
514 554  
514 554  
514 554  
514 554  
514  
514 554  
514 554  
514 554  
514 554  
514 554  
514 554  
514 554  
514 554  
514 554  
514  
557  
514 554  
514 554  
514 554  
514  
514 554  
514 554  
514 554  
514 554  
514 554  
514 554  
514 554  
557  
514 554  
514 554  
514 554  
514  
514  
514  
514 554  
514 554  
514 554  
514 554  
516 514 554  
514  
514 554  
514 554  
514 554  
514 554  
514 554  
514 554  
514 554  
514 554  
514 554  
514 554  
527  
527  
527  
527  
514 554  
559  
514 554  
514 554  
514 554  
557  
557 556 558  
557 556 558  
557 556  
556  
557  
557  
516 514 554  
514 554  
559  
514 554  
514 554  
514 554  
514  
559  
514 554  
514  
514 554  
514 554  
514 554  
514 554  
514 554  
514 554  
514 554  
555 514  
557  
557 556 558  
557 556 558  
557 556  
556  
557  
557  
514 554  
514 554  
514 554  
514 554  
514 554  
514 554  
514 554  
514 554  
514 554  
514 554  
514  
516 514 521 554  
514 554  
527  
514 554  
514 554  
514 554  
527  
514 554  
514 554  
514 554  
554  
554  
554  
514 554  
514 554  
514 554  
514 554  
514 554  
514 554  
554  
554  
556  
554  
556 554  
556 554  
514 554  
514 554  
514 554  
556  
554  
554  
556 554  
556  
554  
554  
556 554  
514 554  
554  
554  
554  
554  
514 554  
514 554  
556  
554  
556 554  
555  
514  
514 554  
514 554  
514 554  
514 554  
554  
556  
554  
556 554  
556 554  
514 554  
514  
555  
554  
554  
554  
514 554  
514 554  
554  
554  
554  
514 554  
554  
554  
554  
554  
514 554  
556  
554  
556 554  
514 521 554  
554  
554  
554  
554  
514 554  
514  
557  
514 554  
556  
554  
556 554  
556  
554  
554  
556 554  
514  
514 554  
554  
554  
554  
554  
514 554  
554  
556  
554  
556 554  
556 554  
514 554  
514 554  
556 554  
514 554  
514 554  
555 514  
514 554  
514 554  
514 554  
554  
556  
554  
556 554  
556 554  
556  
554  
556 554  
514 554  
556  
554  
556 554  
514 554  
514 554  
514 554  
514 554  
556  
554  
556 554  
514 554  
514 554  
556  
554  
556 554  
514 554  
556  
554  
556 554  
514 554  
514 554  
556  
554  
556 554  
514 554  
514 554  
514 554  
514 554  
559  
559  
514 554  
556  
554  
556 554  
556  
554  
556 554  
514 554  
514 554  
555 514  
514 554  
514 554  
514 554  
556  
554  
514 554  
514 554  
557  
559  
559  
514 554  
514 554  
514 554  
514 554  
514 554  
514 554  
514 554  
514 554  
554  
556  
554  
556 554  
556 554  
514 554  
514 554  
556  
554  
556 554  
556  
554  
556 554  
514 554  
556  
554  
556 554  
514 554  
556  
554  
556 554  
514 554  
514 554  
514 554  
556  
554  
556 554  
514 554  
514 554  
554  
556  
554  
556 554  
556 554  
514 554  
514 554  
514 554  
514 554  
514  
514 554  
556  
554  
556 554  
514  
514  
514 554  
514  
556  
554  
556 554  
514 554  
514 554  
556  
554  
556 554  
514 554  
556  
554  
556 554  
516 514 521 554  
556  
554  
556 554  
514  
514 554  
557 555  
557 555  
557  
555  
557 555  
514  
514 554  
514 554  
556  
554  
556 554  
514 554  
514 554  
514 554  
514 554  
514 554  
514 554  
514 554  
514 554  
556  
554  
556 554  
514  
554  
556  
554  
556 554  
556 554  
514 554  
514 554  
514 554  
514 554  
514 554  
514 554  
554  
556  
554  
556 554  
556 554  
514 554  
514 554  
557 555  
557 555  
557  
555  
557 555  
556  
554  
556 554  
556  
556  
514 554  
514  
556  
554  
556 554  
514 554  
514 554  
514  
514 554  
554  
554  
514 554  
556  
554  
556 554  
556  
554  
556 554  
556  
554  
556 554  
556  
554  
556 554  
514 554  
514 554  
514 554  
514 554  
559  
514 554  
514 554  
514 554  
556  
554  
556 554  
556  
554  
556 554  
514 554  
514  
514 554  
554  
554  
556  
554  
556 554  
555 514  
514  
514 554  
557  
514 554  
554  
554  
554  
514 554  
514 554  
557  
514 554  
555  
514 554  
559  
514 554  
514 554  
557  
559  
514 554  
556  
554  
556 554  
514 554  
556  
554  
556 554  
556  
554  
556 554  
516 514 521 554  
554  
554  
514 554  
514 554  
514 554  
554  
554  
514 554  
514 554  
516 514 554  
556  
554  
556 554  
555  
514 554  
514 554  
514 554  
557  
555  
557 555  
514 554  
514 554  
554  
554  
554  
514 554  
514 554  
514 554  
514 554  
559  
514 554  
514 554  
555  
514 554  
514 554  
514 554  
559  
514 554  
556  
554  
556 554  
514 554  
554  
554  
514 554  
514 554  
514 554  
514 554  
554  
556  
554  
556 554  
556 554  
514 554  
514 554  
514 554  
556  
554  
556 554  
514 554  
555 514  
514 554  
555 514  
514 554  
514 554  
514 554  
514 554  
514 554  
554  
556  
554  
556 554  
556 554  
514 554  
514 554  
514 554  
514 554  
514 554  
514 554  
556  
554  
556 554  
556  
554  
556 554  
516 514 521 554  
514 554  
514 554  
554  
554  
554  
514 554  
514 554  
514 554  
557  
557  
557  
557  
514 554  
556  
554  
556 554  
514 554  
554  
514 554  
554  
514 554  
554  
514 554  
514  
556  
554  
556 554  
514  
556  
554  
556 554  
514 554  
514 554  
557  
559  
514 554  
556  
554  
556 554  
514 554  
514 554  
556  
554  
556 554  
514  
556  
554  
556 554  
555 514  
555 514  
555 514  
557  
554  
554  
514 554  
514 554  
514 554  
554  
554  
557  
557  
557  
557  
514 554  
514 554  
514 554  
514 554  
514 554  
557  
557  
557  
557  
514 554  
514 554  
555 514  
514 554  
514 554  
514  
514 554  
557  
557  
557  
557  
514 554  
514 554  
514 554  
556  
554  
556 554  
514 554  
514 554  
557  
557  
557  
557  
514 554  
514 554  
514  
514 554  
514 554  
514 554  
514 554  
554  
554  
514 554  
514 554  
554  
554  
557  
557  
557  
557  
514  
556  
554  
556 554  
514 554  
514 554  
514 554  
514 554  
557  
557  
557  
557  
555 514  
555 514  
555 514  
555 514  
555 514  
514 554  
514 554  
514 554  
557  
557  
557  
557  
557  
557  
557  
557  
557  
514 554  
514 554  
514 554  
514 554  
555  
514 554  
514 554  
514 554  
514 554  
554  
554  
557  
514 554  
514 554  
514 554  
554  
554  
514 554  
514 554  
554  
554  
557  
557  
557  
557  
514 554  
514 554  
514 554  
557  
557  
557  
557  
514  
514 554  
554  
554  
514 554  
514 554  
554  
554  
557  
557  
557  
557  
556  
554  
556 554  
514  
559  
514  
514 554  
514 554  
514 554  
514 554  
514 554  
514 554  
514 554  
514 554  
514 554  
514 554  
514 554  
514 554  
514 554  
514 554  
514 554  
556  
554  
556 554  
514 554  
514 554  
514 554  
555  
557  
557 555  
514 554  
514 554  
514 554  
514  
514  
514 554  
514 554  
514 554  
527  
555  
514 554  
514 554  
514 554  
514 554  
557  
557  
557  
557  
514 554  
514 554  
514 554  
545  
514 554  
514 554  
514 554  
516 514 554  
514 554  
514 554  
555  
514 554  
557  
557  
557  
557  
514 554  
557  
557  
557  
557  
555 514  
555 514  
555 514  
514 554  
557  
514 554  
514 554  
557  
554  
554  
554  
514 554  
554  
554  
554  
545  
514 554  
514 554  
514 554  
554  
514 554  
514 554  
514 554  
514 554  
556  
554  
556 554  
514 554  
514 554  
554  
556  
554  
556 554  
556 554  
556  
554  
556 554  
514 554  
557  
557  
557  
557  
514 554  
555  
555 514  
555 514  
555 514  
514 554  
514 554  
554  
554  
554  
514 554  
514 554  
557  
557  
514 554  
514 554  
514 554  
514 554  
514 554  
556  
556  
514 554  
514 554  
514 554  
514 554  
554  
514 554  
554  
514 554  
554  
514 554  
554  
514 554  
557 545  
557 556 558 545  
557 556 558 545  
557 556 545  
556  
557 545  
557 545  
514 554  
514 554  
514 554  
554  
554  
514 554  
554  
554  
557  
557  
557  
557  
514 554  
514 554  
514 554  
514 554  
514 554  
554  
557  
557  
557  
557  
514 554  
554  
554  
555 514  
514 554  
514 554  
514 554  
557  
557  
557  
557  
514 554  
555  
516 514 554  
514 554  
557  
555  
557 555  
514 554  
556  
554  
556 554  
514  
514 554  
557  
557  
557  
557  
514 554  
554  
556  
554  
556 554  
556 554  
514  
557 555  
557 555  
557  
555  
557 555  
557  
514 554  
557  
557  
557  
557  
514 554  
554  
556  
554  
556 554  
556 554  
514 554  
557  
557  
514 554  
557  
557  
557  
557  
514 554  
514 554  
557  
557  
557  
557  
557  
514 554  
514 554  
514 554  
514 554  
557  
557  
557  
557  
557  
556  
554  
557 556 554  
514 554  
514 554  
514 554  
514 554  
514 554  
557  
557  
557  
557  
557  
557  
514 554  
557  
557  
514 554  
514 554  
557  
557  
557  
557  
557  
514  
557  
514 554  
555  
514 554  
557  
554  
514 554  
514 554  
557  
557  
514 554  
514 554  
557 555  
514 554  
514 554  
554  
556  
554  
556 554  
556 554  
514 554  
514 554  
557  
557  
557  
557  
557  
557  
557  
556  
554  
557 556 554  
514 554  
557  
557  
557  
557  
559  
514  
514 554  
514 554  
559  
557  
514 554  
514 554  
557 555  
557 555  
557  
555  
557 555  
557  
557  
557  
557  
514 554  
514 554  
557  
514 554  
555 514  
557  
557  
557  
557  
514 554  
514 554  
557  
557  
557  
557  
557  
514 554  
557  
557  
557  
557  
557  
514 554  
514 554  
557  
557  
557  
557  
557  
557  
514 554  
554  
556  
554  
556 554  
514 554  
557  
514 554  
557  
555 514  
514 554  
514 554  
514 554  
557  
557  
557  
557  
514 554  
514 554  
514 554  
514 554  
557  
557  
557  
557  
557  
557  
514 554  
514  
514  
514  
514  
514  
514  
514  
514 554  
514  
514  
514 554  
514  
514  
514  
514  
545  
514  
514  
545  
514  
514  
545  
514  
557  
557  
557  
557  
557  
514 554  
514 554  
514 554  
514 554  
514 554  
514 554  
514 554  
514 554  
514 554  
514 554  
514 554  
514 554  
514 554  
557  
557  
514 554  
514 554  
557  
514 554  
557  
516 514 521 554  
556  
554  
557 556 554  
514 554  
514 554  
514 554  
554  
554  
554  
514 554  
514 554  
557  
514 554  
555  
514 554  
555  
514 554  
514 554  
554  
556  
554  
556 554  
556 554  
514 554  
514 554  
514 554  
514 554  
514 554  
514 554  
514 554  
514 554  
514 554  
514 554  
514 554  
556  
554  
554  
557 556 554  
554  
557 554  
559  
514 554  
514 554  
556  
554  
514 554  
514 554  
557  
557  
557  
557  
556  
554  
554  
556 554  
514 554  
557  
514 554  
557  
559  
559  
559  
557  
554  
554  
554  
554  
559  
514 554  
554  
557 554  
554  
557 554  
559  
514 554  
514 521 554  
559  
514 554  
514 554  
557  
556  
554  
557 556 554  
514 554  
514 554  
555  
514 554  
527  
514 554  
557 555  
514 554  
514 554  
557  
557 555  
514 554  
514  
557 555  
514 554  
514 554  
514 554  
557  
557  
557  
557  
557  
514 554  
557 556  
554  
556  
554  
556 554  
556 554  
514 554  
514 554  
514 554  
514 554  
557  
557  
557  
557  
554  
556  
554  
556 554  
514  
557  
557  
557  
557  
555 514  
555 514  
514  
514  
555 514  
555 514  
555 514  
557  
555 514  
557  
514 554  
555 514  
557  
514 554  
557  
514 554  
514 554  
514 554  
557  
514 554  
557  
557  
557  
557  
514 554  
514 554  
514 554  
514 554  
514 554  
556  
554  
557 556 554  
556  
554  
557 556 554  
514 554  
514 554  
554  
554  
557 554  
514 554  
514 554  
556  
554  
557 556 554  
557  
557  
557  
557  
557  
514 554  
514 554  
514 554  
556  
554  
554  
557 556 554  
514 554  
514 554  
514 554  
554  
557  
557  
557  
557  
556  
554  
557 556 554  
514 554  
514  
514 554  
514 554  
514 554  
514 554  
557 545  
557 556 558 545  
557 556 558 545  
557 556 545  
556  
557 545  
557 545  
555  
514  
557  
514 554  
557 554  
557 554  
554  
557 554  
514 554  
514 554  
554  
554  
557 554  
514 554  
514 554  
557  
514 554  
514 554  
514 554  
514 554  
554  
557  
557  
557  
557  
514 554  
514 554  
514 554  
514 554  
514 554  
514 554  
514 554  
557  
514  
557 555  
514 554  
557  
514 554  
554  
556  
554  
556 554  
556 554  
514 554  
514 554  
514 554  
514 554  
514 554  
514 554  
514 554  
514 554  
514 554  
557  
557  
557  
557  
554  
556  
554  
556 554  
556 554  
514 554  
514 554  
557  
557  
514 554  
514 554  
514 554  
557  
557  
514 554  
514 554  
557  
514  
514 554  
514 554  
514 554  
514 554  
514 554  
556  
554  
556 554  
556  
554  
557 556 554  
514 554  
514 554  
514 554  
557  
514 554  
557  
554  
554  
514 554  
514 554  
514 554  
514 554  
556  
554  
557 556 554  
514 554  
554  
554  
514 554  
514 554  
555  
557 555  
557  
557  
557  
514 554  
514 554  
556  
554  
557 556 554  
514 554  
557  
514 554  
514 554  
514 554  
554  
556  
554  
556 554  
556 554  
557  
557  
557  
557  
557  
514 554  
514 554  
514 554  
514 554  
514 554  
514 554  
559  
559  
514 554  
556  
554  
557 556 554  
514 554  
514 554  
514 554  
556  
554  
556 554  
557  
557  
557  
557  
514 554  
556  
554  
557 556 554  
557 556 554  
514 554  
514 554  
514 554  
514 554  
555 514  
514 554  
557  
557  
557  
557  
557  
514 554  
557  
557  
557  
557  
557  
557  
557  
557  
514  
514  
554  
514 554  
556  
554  
557 556 554  
557  
514 554  
514 554  
557 545  
557 556 558 545  
557 556 558 545  
557 556 545  
556  
557 545  
557 545  
554  
554  
514 554  
514 554  
514 554  
514 554  
557  
557  
557  
557  
514 554  
514 554  
557  
514 554  
514 554  
514 554  
514 554  
514 554  
514 554  
514 554  
514 554  
514 554  
514 554  
514 554  
514 554  
554  
554  
514 554  
514 554  
554  
554  
557  
557  
557  
557  
559  
559  
514 554  
514 554  
514 554  
514 554  
514 554  
556  
554  
557  
514 554  
514 554  
554  
514 554  
514 554  
555  
514 554  
514 554  
554  
554  
514 554  
514 554  
514 554  
554  
554  
557  
557  
557  
557  
514 554  
554  
556  
554  
556 554  
555 514  
556  
554  
557 556 554  
555 514  
555 514  
514 554  
514 554  
554  
554  
514 554  
554  
514 554  
557  
557  
557  
557  
514 554  
514 554  
554  
514 554  
554  
514 554  
554  
514 554  
554  
514 554  
556  
554  
557 556 554  
514 554  
514 554  
514 554  
514 554  
514 554  
554  
556  
554  
556 554  
556 554  
557  
556  
554  
557 556 554  
514 554  
556  
554  
556 554  
514 554  
554  
514 554  
554  
554  
554  
514 554  
514 554  
514 554  
554  
554  
514 554  
557  
557  
557  
557  
514 554  
514 554  
514 554  
514 554  
514 554  
556  
554  
556 554  
514 554  
514 554  
514 554  
557  
557  
557  
557  
554  
514 554  
557 555  
514 554  
554  
554  
514 554  
514 554  
514 554  
557 555  
514 554  
514 554  
554  
554  
514 554  
514 554  
554  
554  
557  
557  
557  
557  
514 554  
559  
514 554  
514 554  
514 554  
557  
557  
557  
557  
514  
557  
514  
554  
557 554  
514 554  
514 554  
555  
514 554  
514 554  
557  
514 554  
514 554  
514 554  
514 554  
514 554  
514 554  
514 554  
514 554  
514 554  
555  
557  
557  
557  
557  
527  
554  
514 554  
555  
514 554  
554  
527  
514  
514  
514  
514  
514  
555 514  
514 554  
516 514 521 554  
556  
554  
557 556 554  
556  
554  
557 556 554  
514  
514 554  
514  
514 554  
557  
514 554  
514 554  
557  
557  
557  
557  
557  
557  
557  
514 554  
514 554  
556  
554  
557 556 554  
514 554  
514 554  
514 554  
514 554  
554  
554  
514 554  
557  
557  
557  
557  
554  
554  
554  
554  
514 554  
514 554  
554  
554  
514 554  
556  
554  
557 556 554  
557  
557  
557  
557  
514 554  
514 554  
514 554  
514 554  
554  
514 554  
554  
514 554  
554  
514 554  
514 554  
557  
557  
557  
557  
555 514  
555 514  
555 514  
514 554  
514 554  
514 554  
514 554  
554  
556  
554  
556 554  
556 554  
514 554  
514 554  
554  
554  
514 554  
557 545  
557 556 558 545  
557 556 558 545  
557 556 545  
556  
557 545  
557 545  
557 545  
557 556 558 545  
557 556 558 545  
557 556 545  
556  
557 545  
557 545  
557 545  
557 556 558 545  
557 556 558 545  
557 556 545  
556  
557 545  
557 545  
557 545  
557 556 558 545  
557 556 558 545  
557 556 545  
556  
557 545  
557 545  
557 545  
557 556 558 545  
557 556 558 545  
557 556 545  
556  
557 545  
557 545  
557 545  
557 556 558 545  
557 556 558 545  
557 556 545  
556  
557 545  
557 545  
557 545  
557 556 558 545  
557 556 558 545  
557 556 545  
556  
557 545  
557 545  
 
