3271 (676)
917 (677)
3114 (679)
3275 (690)
2208 (706)
2216 (707)
2148 (708)
2091 (711)
2883 (741)
2755 (744)
285 (748)
2002 (750)
1359 (980)
929 (768)
3213 (777)
3064 (778)
2266 (780)
1262 (785)
3060 (6922)
3425 (857)
622 (878)
945 927 182 (777)
39 (929)
2083 (954)
1149 182 (1061)
184 182 (2715)
1486 1477 (786)
1141 (972)
1145 1137 (749)
3610 3227 (694)
933 (1065)
2179 182 (912)
2244 1477 (675)
5 927 (996)
2270 2226 182 (702)
1153 (1099)
2040 (1129)
2325 (1141)
3307 1473 1477 (1223)
1473 927 (762)
3499 182 3227 (730)
2896 (1195)
1127 (1198)
2262 927 (688)
1475 1477 (790)
1498 1473 1477 (713)
1990 927 (770)
620 (1227)
2179 927 (785)
1149 927 (723)
2262 1477 (762)
2006 927 (723)
3028 3229 (1053)
2248 2244 (733)
1473 3227 (689)
2895 927 (871)
1173 1980 (825)
1042 (1330)
1475 1473 (951)
1264 1260 (688)
2232 1473 1477 (770)
2262 1473 (897)
3525 1980 (722)
3499 927 (848)
3507 3309 3237 (693)
1429 3237 3227 (782)
2268 2270 2226 3237 3227 (679)
2318 3499 (705)
2270 2226 3499 3227 (712)
608 (1434)
1435 1440 3237 3227 (681)
3028 3227 (749)
1958 3499 (785)
5 945 (723)
1585 2006 2226 3499 3227 (680)
1877 3499 (724)
3575 3499 (704)
2179 3307 1473 (678)
2991 3227 (879)
1958 1980 (780)
3695 2895 3499 (725)
953 927 (759)
2006 2270 2226 3499 (682)
939 953 (827)
1942 2270 2226 (683)
1285 3229 (680)
935 927 (727)
2179 2262 2268 2270 2226 (776)
3309 3229 (812)
945 184 (771)
1440 2226 (765)
1962 3456 (1457)
1942 3227 (699)
1149 184 (941)
3575 2226 (683)
2895 3229 2226 (676)
2268 2895 2270 2226 (708)
3507 1285 (768)
1301 1285 3227 (764)
184 927 (837)
3150 1881 (1093)
3245 1473 1477 3499 (683)
2244 3307 1473 (676)
1942 2006 2226 (689)
1881 3237 (782)
1881 3499 (770)
1980 2006 2226 (691)
1941 2006 (1131)
1285 3309 (708)
2991 3309 (808)
3507 3309 3227 (745)
3695 3499 3227 (841)
1498 3307 1473 (676)
1169 1177 3307 (689)
3309 3499 3227 (677)
1285 3499 3227 (779)
3261 3245 (956)
3507 3237 3227 (737)
1990 2006 (987)
3499 3237 3227 (726)
1440 3229 3237 3227 (702)
1285 3237 3227 (691)
953 5 (779)
3525 2006 2270 2226 3227 (706)
3261 3695 1473 (760)
2232 3307 1473 (1083)
3198 2895 (685)
3245 3307 (860)
2262 3307 (961)
2248 1169 1177 2232 1473 (678)
1169 1177 2179 1473 (705)
3297 2262 (844)
3575 2895 (691)
2006 2268 2270 2226 3227 (858)
2248 2232 2179 (695)
2895 1473 (787)
3245 2262 (725)
2232 2262 (800)
1980 2006 3212 (684)
1877 3212 (696)
184 3499 3212 (698)
3695 3499 3212 (742)
2863 1429 3212 (771)
2863 1881 3212 (758)
2226 3499 3212 (741)
3507 3237 3212 (752)
1473 3212 (782)
1958 2006 2270 2226 3212 (693)
1942 1958 2226 3212 (686)
2268 3237 3212 (684)
2006 2895 2226 3212 (685)
1585 2226 3212 (702)
2006 2268 2270 2226 3212 (718)
3695 3212 3227 (889)
2863 3212 3227 (785)
3305 1958 2268 2270 2226 3212 3227 (872)
1980 2268 2270 2226 3212 3227 (917)
1958 2268 2270 3229 2226 3212 3227 (683)
3575 3229 3212 3227 (835)
2268 2895 2226 3212 3227 (681)
1285 3212 3227 (872)
3309 3237 3212 3227 (689)
1435 3237 3212 3227 (981)
3307 3212 3227 (767)
1881 3212 3227 (776)
2318 3229 3212 3227 (805)
1958 2895 3229 3212 3227 (676)
3525 3212 3227 (783)
3229 3237 3212 3227 (1046)
1958 2895 2270 2226 3212 3227 (744)
1440 3237 3212 3227 (1180)
2226 3237 3212 3227 (723)
2087 184 3212 3227 (756)
3198 3229 3499 3212 3227 (885)
2006 2268 2226 3212 3227 (708)
2895 3499 3212 3227 (758)
2006 2270 2226 3212 3227 (896)
1958 2006 2226 3212 3227 (680)
1585 3499 3212 3227 (737)
1931 3212 3227 (744)
182 3212 3227 (772)
3573 3212 3227 (738)
