163 730 162 13 15 (24)
1153 (5)
266 (16)
622 (5)
597 (5)
16 27 (13)
32 (5)
1132 861 863 (14)
1029 1343 1246 27 (5)
845 (6)
814 (6)
4 (6)
645 643 644 (8)
109 (7)
2 3 (8)
1160 778 774 (8)
1209 1075 (5)
28 19 29 27 (9)
714 713 (8)
19 751 27 (7)
270 269 268 263 262 (8)
1057 620 766 (8)
1073 (12)
774 762 (7)
60 760 1178 1154 766 (7)
762 766 (12)
1200 1198 1176 (8)
764 1196 1176 (7)
122 118 751 859 863 (5)
281 (16)
1178 778 (7)
1248 1343 1246 751 863 (8)
889 865 867 893 885 881 674 895 (6)
1207 883 29 895 (14)
877 895 (9)
751 859 895 863 (7)
887 124 118 1066 867 169 167 1063 899 893 885 881 674 162 859 895 863 (6)
