863 118 751 122 859  
674  
881 863 893 1063 859 1066 899 167 169 885 674 162 895  
887 881 863 893 118 1063 867 859 1066 899 167 124 169 885 674 162 895  
865 881 893 889 885 674 895 867  
899 863 1063 859  
3 2  
3 2  
163 13 730 15 162  
13 15  
163 13 730 15 162  
1073  
863 1132 861  
109  
863 1132 861  
107 103  
107 103  
1073  
863 1132 861  
109  
863 1132 861  
845  
4  
814  
1153  
28 6 27  
163 13 730 15 162  
13 15  
163 13 730 15 162  
1073  
863 1132 861  
109  
863 1132 861  
28 6 27  
163 13 730 15 162  
13 15  
163 13 730 15 162  
27 5  
52 54  
845  
4  
814  
1153  
1075 1209  
3 2  
3 2  
845  
4  
814  
647 764 1176 1196  
762  
647  
766  
774  
778 1178  
645 644 643  
774 762  
270 268 269 262 263  
647 266  
266  
281  
281  
644 764 1176 1196  
762  
644  
766  
774  
778 1178  
645 644 643  
774 762  
270 268 269 262 263  
644 266  
266  
281  
281  
644 764 1176 1196  
762  
644  
766  
774  
778 1178  
645 644 643  
774 762  
270 268 269 262 263  
644 266  
266  
281  
281  
408 406 407  
30  
30  
408 406 407  
622  
645 644 643  
597  
1154  
622  
645 644 643  
597  
620 1057 766  
16 27  
1246 863 1248 1343 751  
674  
881 863 893 1063 859 1066 899 167 169 885 674 162 895  
887 881 863 893 118 1063 867 859 1066 899 167 124 169 885 674 162 895  
865 881 893 889 885 674 895 867  
899 863 1063 859  
714 15 32 713  
714 712 713  
16 13  
714 15 32 713  
714 712 713  
16 13  
760 1154 1178 60 766  
1029 1246 27 1343  
16 27  
620 1057 766  
16 27  
1246 863 1248 1343 751  
714 15 32 713  
714 712 713  
16 13  
1140  
1140  
1075 1209  
1154  
760 1172  
1200 1176 1196 1198  
1200 1176 1198  
1196  
16  
750  
730  
877 895  
730  
877 895  
877 895  
863 730 861  
863 861  
1075 1073  
760 1154 1178 60 766  
1154  
760 1172  
1200 1176 1196 1198  
1200 1176 1198  
1196  
19 28 27 29  
19 28 27 29  
19 28 27 29  
751 859  
751 859  
1154  
1029 1246 27 1343  
16 27  
714 15 32 713  
714 712 713  
16 13  
16  
1207 883 895 29  
1207 883 895 29  
1207 883 895 29  
1207 883 895 29  
1207 883 895 29  
1207 883 895 29  
1207 883 895 29  
29  
1073  
1132 859  
1073  
863 1132 861  
109  
863 1132 861  
19 28 27 29  
19 28 27 29  
19 28 27 29  
751 859  
751 859  
863 751 895 859  
27  
19 27 751  
863 118 751 122 859  
674  
881 863 893 1063 859 1066 899 167 169 885 674 162 895  
887 881 863 893 118 1063 867 859 1066 899 167 124 169 885 674 162 895  
865 881 893 889 885 674 895 867  
899 863 1063 859  
622  
645 644 643  
597  
163 13 730 15 162  
13 15  
163 13 730 15 162  
163 13 730 15 162  
13 15  
163 13 730 15 162  
163 13 730 15 162  
13 15  
163 13 730 15 162  
13 15  
163 13 730 15 162  
13 15  
163 13 730 15 162  
13 15 165  
762 766  
778 1200 774 1198  
778 1160 774  
778 1160 774  
766  
766  
762  
778 736 762 766  
762 766  
764 1176 1196  
762  
766  
774  
778 1178  
774 762  
270 268 269 262 263  
266  
266  
281  
281  
845  
4  
814  
1075 1073  
1153  
3 2  
3 2  
760 1154 1178 60 766  
863 751 895 859  
27  
19 27 751  
760 1154 1178 60 766  
863 751 895 859  
27  
19 27 751  
27 5  
52 54  
845  
4  
814  
845  
4  
814  
1073  
863 1132 861  
109  
863 1132 861  
674  
881 863 893 1063 859 1066 899 167 169 885 674 162 895  
887 881 863 893 118 1063 867 859 1066 899 167 124 169 885 674 162 895  
865 881 893 889 885 674 895 867  
899 863 1063 859  
622  
645 644 643  
597  
1154  
760 1172  
1200 1176 1196 1198  
1200 1176 1198  
1196  
863 118 751 122 859  
863 751 895 859  
27  
19 27 751  
620 1057 766  
16 27  
1246 863 1248 1343 751  
163 13 730 15 162  
13 15  
163 13 730 15 162  
13 15 165  
1154  
760 1172  
1200 1176 1196 1198  
1200 1176 1198  
1196  
760 1154 1178 60 766  
1073  
863 1132 861  
109  
863 1132 861  
764 1176 1196  
762  
766  
774  
778 1178  
774 762  
270 268 269 262 263  
266  
266  
281  
281  
760 1154 1178 60 766  
863 118 751 122 859  
863 751 895 859  
27  
19 27 751  
762 766  
778 1200 774 1198  
778 1160 774  
778 1160 774  
766  
766  
762  
620 1057 766  
16 27  
1246 863 1248 1343 751  
778 736 762 766  
762 766  
1073  
863 1132 861  
109  
863 1132 861  
764 1176 1196  
762  
766  
774  
778 1178  
774 762  
270 268 269 262 263  
266  
266  
281  
281  
762 766  
778 1200 774 1198  
778 1160 774  
778 1160 774  
766  
766  
762  
778 736 762 766  
762 766  
1075 1073  
674  
881 863 893 1063 859 1066 899 167 169 885 674 162 895  
887 881 863 893 118 1063 867 859 1066 899 167 124 169 885 674 162 895  
865 881 893 889 885 674 895 867  
899 863 1063 859  
622  
645 644 643  
597  
1075 1209  
1207 883 895 29  
1207 883 895 29  
1207 883 895 29  
1207 883 895 29  
1207 883 895 29  
1207 883 895 29  
1207 883 895 29  
29  
1073  
674  
881 863 893 1063 859 1066 899 167 169 885 674 162 895  
887 881 863 893 118 1063 867 859 1066 899 167 124 169 885 674 162 895  
865 881 893 889 885 674 895 867  
899 863 1063 859  
1154  
760 1154 1178 60 766  
762 766  
778 1200 774 1198  
778 1160 774  
778 1160 774  
766  
766  
762  
778 736 762 766  
762 766  
764 1176 1196  
762  
766  
774  
778 1178  
774 762  
270 268 269 262 263  
266  
266  
281  
281  
1153  
1140  
1140  
620 1057 766  
16 27  
1246 863 1248 1343 751  
3 2  
3 2  
163 13 730 15 162  
13 15  
163 13 730 15 162  
163 13 730 15 162  
13 15  
163 13 730 15 162  
163 13 730 15 162  
13 15  
163 13 730 15 162  
13 15  
163 13 730 15 162  
13 15  
163 13 730 15 162  
750  
730  
877 895  
730  
877 895  
877 895  
863 730 861  
863 861  
863 118 751 122 859  
863 751 895 859  
27  
19 27 751  
620 1057 766  
16 27  
1246 863 1248 1343 751  
750  
730  
877 895  
730  
877 895  
877 895  
1029 1246 27 1343  
16 27  
1153  
270 268 269 262 263  
266  
266  
281  
281  
3 12 14  
15  
20  
12  
28  
29  
21  
25  
26  
19 27  
620 1057 766  
16 27  
1246 863 1248 1343 751  
1029 1246 27 1343  
16 27  
19 28 27 29  
19 28 27 29  
19 28 27 29  
751 859  
751 859  
863 751 895 859  
27  
19 27 751  
620 1057 766  
16 27  
1246 863 1248 1343 751  
1029 1246 27 1343  
16 27  
31 32  
1075 1209  
1075 1209  
 
