74 (234)
835 (238)
2125 (242)
623 (248)
605 (249)
1350 (251)
134 (464)
845 (252)
1036 1103 1016 1399 (445)
2547 (255)
78 (262)
1002 (265)
1213 (273)
760 (275)
164 476 80 (278)
152 80 (576)
480 26 80 (239)
500 3352 (251)
160 (394)
486 26 (263)
486 464 80 (246)
713 (330)
1151 (331)
100 80 (245)
254 (342)
464 26 476 80 (263)
70 80 (250)
1344 1360 (246)
799 (508)
2193 (382)
1344 1040 (244)
30 26 476 80 (247)
170 (405)
462 (439)
486 476 80 (239)
547 (458)
928 936 (239)
1766 1764 1748 936 (235)
1372 936 (266)
922 936 (253)
466 480 464 476 80 (245)
1040 1016 1399 (278)
533 80 (370)
537 80 (252)
480 30 464 476 80 (298)
56 80 (317)
748 26 (382)
112 80 (558)
116 80 (513)
196 80 (339)
94 80 (595)
70 196 (236)
466 30 26 476 (251)
525 168 (291)
466 30 464 80 (234)
116 112 (239)
466 30 464 26 (264)
30 164 80 (254)
168 164 (319)
152 26 476 (250)
883 164 (578)
112 476 (238)
613 80 (282)
466 486 164 80 (272)
1344 1016 (260)
142 152 (234)
112 152 (264)
132 152 (340)
478 26 (258)
486 480 (237)
748 613 (246)
164 464 80 (300)
112 164 (246)
30 164 464 26 (239)
613 464 26 (244)
156 164 (267)
537 533 (465)
533 132 (267)
537 132 (241)
466 486 30 164 464 (250)
132 80 (421)
152 464 (261)
486 30 164 476 (273)
748 480 30 476 (253)
613 480 30 464 476 (302)
748 30 464 476 (272)
460 464 476 (256)
486 30 464 476 (266)
480 30 464 26 476 (347)
480 30 164 464 476 (281)
466 480 30 464 476 (329)
148 476 (249)
466 30 164 464 476 (253)
480 30 164 26 476 (293)
476 821 (242)
464 821 (262)
466 821 (234)
168 517 821 (311)
196 821 (328)
156 821 (254)
847 220 821 (253)
120 164 821 (284)
517 164 821 (244)
486 164 821 (330)
164 821 80 (278)
